13149 5.80060665929174 5.77361943424498 5.69642212024991
13180 5.81383197980016 5.75320735798372 5.72227705729237
13208 5.82126917011187 5.73495809212465 5.71965582381249
13239 5.80060665929174 5.71735659468332 5.68765309272632
13269 5.7798171609322 5.74843711519663 5.70711026474888
13300 5.75193751654325 5.73463493813897 5.71867108714995
13330 5.75384167452894 5.73818390137353 5.78659058584352
13361 5.74396426428903 5.7084382861924 5.78166901331327
13392 5.75637492477537 5.73947131706471 5.79209855570477
13422 5.75637492477537 5.80483371872593 5.78659058584352
13453 5.76707021389212 5.82600010738045 5.76675727381759
13483 5.79575375319501 5.83393315912125 5.74779936007298
13514 5.81948928236817 5.81024238575733 5.738827816399
13545 5.84499264320772 5.79240366630973 5.77796187283045
13573 5.83129579495516 5.76205138278018 5.7655045332842
13604 5.80181621492757 5.73204593992906 5.7310733348921
13634 5.77144112313002 5.76268011590369 5.73204593992906
13665 5.7655045332842 5.76800844695547 5.76800844695547
13695 5.78444037767366 5.76894580056261 5.81323460821728
13726 5.81173961616129 5.76832099579377 5.82747394699875
13757 5.78842994871649 5.78074351579233 5.81054201122774
13787 5.78689738136671 5.7798171609322 5.81024238575733
13818 5.70810644613626 5.78597671228219 5.73560408697916
13848 5.72129489974083 5.76707021389212 5.70578047731887
13879 5.73657229747919 5.74684196411665 5.68595788974365
13910 5.78136060930158 5.73850591071459 5.72456501383873
13939 5.76769580039985 5.70611308999448 5.71009583671279
13970 5.76925805661511 5.7031155856685 5.68459965523943
14000 5.7310733348921 5.71932768599166 5.68391984555995
14031 5.68425980816734 5.6944053128436 5.70511491988998
14061 5.65248918026865 5.6479173418148 5.72063959172262
14092 5.68391984555995 5.65529226549577 5.74907446384791
14123 5.71340271803319 5.71009583671279 5.76925805661511
14153 5.67914819369784 5.738827816399 5.74075707744756
14184 5.71932768599166 5.77112954811581 5.74172031399659
14214 5.74332364927673 5.78904231860702 5.73463493813897
14245 5.82008293035236 5.80332610499246 5.74875584029893
14276 5.87183605965245 5.82274999372024 5.80513496891649
14304 5.88025361777198 5.81323460821728 5.81203879342605
14335 5.85964597248713 5.79727281774354 5.77703293639579
14365 5.87042621873093 5.84470316571258 5.81054201122774
14396 5.83158917914386 5.82658990391775 5.79818315007769
14426 5.79240366630973 5.77299754367767 5.8206762261277
14457 5.86164055927178 5.83305481036034 5.87296250302698
14488 5.84441360439595 5.83539536145809 5.85105239339124
14518 5.81383197980016 5.86505062225232 5.84845985269098
14549 5.79939563885915 5.86334704432754 5.8111409929767
14579 5.82481946969903 5.86448308534719 5.80483371872593
14610 5.84614971594312 5.83246881561752 5.78689738136671
14641 5.85335124497835 5.80211837537706 5.79118266493703
14669 5.86448308534719 5.80453237775634 5.8027224225111
14700 5.85621739769996 5.80784214458098 5.79179335197891
14730 5.83246881561752 5.8171111599632 5.80362780962592
14761 5.83100232466692 5.82481946969903 5.82008293035236
14791 5.83773044716594 5.81740873473106 5.85707564406933
14822 5.85650356167386 5.83714718672362 5.88109148962661
14853 5.87268101111801 5.86050128258917 5.88693701775405
14883 5.85821882796062 5.89247259790103 5.8735252492433
14914 5.87941504329936 5.91754886415781 5.85850441985175
14944 5.86957935911786 5.89164421182577 5.83129579495516
14975 5.85621739769996 5.84557134692758 5.80423094595301
15006 5.88610403145016 5.83627165770228 5.82570507861301
15034 5.87436877523173 5.82422862773207 5.82215792739152
15065 5.85392513308592 5.80994267048459 5.76047781833275
15095 5.84470316571258 5.82717935280013 5.7984864101255
15126 5.86334704432754 5.84093231280344 5.83743885946887
15156 5.90017128866159 5.84035091743822 5.89467827842029
15187 5.90971204523572 5.87014401187143 5.91188006776514
15218 5.87969464626497 5.87042621873093 5.88276513018464
15248 5.77703293639579 5.84961292286774 5.83831336761381
15279 5.8054361283827 5.8673175543651 5.81919232616703
15309 5.81532384938911 5.84845985269098 5.81144034936271
15340 5.86391522616101 5.85335124497835 5.82156551031258
15371 5.88638177065483 5.84180377255358 5.83276185591266
15400 5.87324391572055 5.83305481036034 5.82452409235233
15431 5.87913536213406 5.84383423010396 5.80030404164682
15461 5.88081227700439 5.86561783724201 5.84209409045371
15492 5.90236007202516 5.88304379815356 5.8805329864007
15522 5.90263333340137 5.8519150821579 5.91323269883841
15553 5.89880086224456 5.87042621873093 5.92398838198307
15584 5.85764739937364 5.87745563049611 5.91106761003595
15614 5.84730545140838 5.93091804723995 5.91458350277202
15645 5.90508933136124 5.96048974280855 5.9113385026287
15675 5.92745921713207 5.95246380975825 5.90699539048153
15706 5.97482690595496 5.95246380975825 5.90835464038498
15737 5.97075150551044 5.92050545816749 5.90399852132671
15765 5.96563378707346 5.91889385427315 5.90044514872081
15796 5.94437293957413 5.90126627918983 5.86448308534719
15826 5.92985506547629 5.91215074038826 5.90481674038231
15857 5.9245231413541 5.93118361622305 5.94174895486205
15887 5.92077380648521 5.88721452573418 5.96947452921637
15918 5.90726738830723 5.90481674038231 5.97482690595496
15949 5.90481674038231 5.92372089502146 5.96563378707346
15979 5.87042621873093 5.95402225163211 5.95480056273639
16010 5.93806377038087 5.99071426571728 5.93806377038087
16040 5.96177823673762 5.99246404744107 5.93674433490775
16071 5.97126183979046 5.95687310233836 5.92745921713207
16102 5.95402225163211 5.91350300563827 5.93065240771122
16130 5.94699005700615 5.89605436230332 5.92184648022711
16161 5.93515871089689 5.90862626879898 5.88860091164874
16191 5.93648023877522 5.94227430291721 5.92879095257992
16222 5.90916930438115 5.92425579741453 5.93357056868908
16252 5.91969998087867 5.8913679305697 5.96691567418657
16283 5.91835607528734 5.91188006776514 5.97330057648031
16314 5.90726738830723 5.92157841964382 5.96177823673762
16344 5.86164055927178 5.94646718117725 5.93990806019358
16375 5.89660426608402 5.96896328176147 5.9597158487934
16405 5.9519437889457 5.99446005608778 5.93859105750091
16436 6.00709180299368 5.99346254977065 5.95376267992397
16467 6.07327492230555 6.0134706273706 6.00733789626427
16495 6.16688736221078 6.11368217983223 6.10835829857948
16526 6.16457716481663 6.1165541579468 6.07350525744419
16556 6.16078529172469 6.14461472660166 6.10635451298194
16587 6.12796029169652 6.1205171750226 6.10456999321325
16617 6.10680014578789 6.07050675444794 6.12095654234074
16648 6.11787690946242 6.09085729098602 6.12970359133175
16679 6.13013894179574 6.12665081966305 6.15379595902543
16709 6.09650000994186 6.15038952609554 6.12970359133175
16740 6.14804085415008 6.18022367156036 6.11963786083096
16770 6.17898092077904 6.18970046271601 6.12139571670001
16801 6.22178230217019 6.19379295870827 6.14568665295577
16832 6.24784943220199 6.17565934828362 6.16226161804998
16861 6.2651110805953 6.18949539760712 6.18867471639569
16892 6.24746243529314 6.19501744865719 6.16940150558411
16922 6.22317132908268 6.20919346572069 6.19236248947487
16953 6.20213057691108 6.19949446061214 6.20334490614348
16983 6.20576914975499 6.17898092077904 6.22594360808594
17014 6.24746243529314 6.22910254457264 6.25766758788264
17045 6.25517406016885 6.24746243529314 6.25498199256046
17075 6.13100907454588 6.17628298410052 6.14761322959791
17106 6.16331480403464 6.19481347109401 6.1249021853377
17136 6.18270454940918 6.19154415882364 6.11677473807343
17167 6.21660610108486 6.19501744865719 6.14332689641723
17198 6.24241779906146 6.17149180734856 6.16541785423142
17226 6.26358872064381 6.17524337489991 6.17190934388908
17257 6.25670927444083 6.20859002609663 6.18682571740974
17287 6.21740418572419 6.21400791835016 6.20172547259118
17318 6.18146487982894 6.19154415882364 6.21060007702465
17348 6.18146487982894 6.16730682530418 6.24027584517077
17379 6.18414889093748 6.1804306466206 6.24900952513952
17410 6.18744243034942 6.21540777859276 6.26225475188954
17440 6.14675743151402 6.23480280570771 6.23676090306332
17471 6.14675743151402 6.23499878806993 6.19725846008708
17501 6.14311209671712 6.18764791683941 6.1390221114656
17532 6.14332689641723 6.11941791141844 6.07810085376753
17563 6.12446454856923 6.0728140928043 6.08541015995051
17591 6.10724558009369 6.04595273239205 6.07787157484872
17622 6.05654979376392 6.03260649043916 6.04049277817534
17652 6.03977840738653 6.06262174142431 6.0728140928043
17683 6.02489932319422 6.06005733857359 6.10880303952522
17713 6.01615715969835 6.02900115063671 6.14397101882275
17744 6.0421576614235 6.0586557966483 6.15634319029022
17775 6.03977840738653 6.09559931183999 6.16730682530418
17805 6.01980902011712 6.1383747924226 6.1459009004124
17836 6.07119951512684 6.16457716481663 6.13643031735817
17866 6.1318784508232 6.19113474223655 6.14332689641723
17897 6.1804306466206 6.175451383221 6.15358339658442
17928 6.18517928773138 6.15145528341692 6.18022367156036
17956 6.1804306466206 6.13534841743656 6.17565934828362
17987 6.12796029169652 6.11963786083096 6.1452580202874
18017 6.13079161232908 6.16604790780681 6.16898292039592
18048 6.13578131787622 6.17586727010576 6.19501744865719
18078 6.13339804299665 6.15485809401642 6.21640648036357
18109 6.12861438525522 6.14289725086819 6.20516363959419
18140 6.11721575241354 6.15485809401642 6.20294029355451
18170 6.09739989751665 6.17898092077904 6.17441090867078
18201 6.1246833908942 6.19338446197056 6.15570699050203
18231 6.14354164998833 6.19318015100857 6.12117615362964
18262 6.14782706473184 6.14654336750806 6.11897786740694
18293 6.15888394964983 6.12643240751847 6.14868194830602
18322 6.21580737899767 6.18744243034942 6.20192804526482
18353 6.30664018386869 6.27363143887165 6.25805065626503
18383 6.34808948979667 6.33221334049646 6.28301413108625
18414 6.29397365380293 6.30151947041149 6.28301413108625
18444 6.18949539760712 6.17378610390194 6.22019247671609
18475 6.20979654142497 6.18105131489335 6.22851100359118
18506 6.19807212978209 6.19624044106401 6.22297301475382
18536 6.17815156141158 6.22317132908268 6.19379295870827
18567 6.16205084768352 6.21580737899767 6.1542209484071
18597 6.19072515795886 6.219197550756 6.14117682033631
18628 6.21560759875528 6.18682571740974 6.13448205394291
18659 6.18208490671663 6.12555828158868 6.13166117760127
18687 6.195221384622 6.11787690946242 6.14418563412565
18718 6.18641436405141 6.13426534573965 6.12970359133175
18748 6.1273057700194 6.13296410938168 6.12205411681158
18779 6.10031895202006 6.13209567684773 6.13274707194187
18809 6.07649479629256 6.08904487544685 6.14761322959791
18840 6.10255859461357 6.10031895202006 6.16688736221078
18871 6.09807428216624 6.10880303952522 6.16205084768352
18901 6.06564394528223 6.1318784508232 6.13988455222626
18932 6.08199057380735 6.15464575724951 6.10902533584713
18962 6.09176226842335 6.15081596533441 6.08039075630238
18993 6.11146733950268 6.12577688471558 6.07649479629256
19024 6.12271208371765 6.08563771712523 6.09334401092915
19052 6.11102378216562 6.05044075220828 6.09244046444798
19083 6.06448263984455 6.03164633674081 6.05326494801343
19113 5.98116165411208 5.99196442214963 5.99769509685862
19144 5.9140434001394 5.98242380245583 6.01151224241176
19174 6.03763222795299 6.07488615524705 6.15400847629326
19205 6.09514865838486 6.1143456764838 6.18600284141186
19236 6.08722916909236 6.11301824266056 6.15888394964983
19266 6.0769539331234 6.13013894179574 6.10680014578789
19297 6.0928923397381 6.13448205394291 6.0730445341004
19327 6.0593568131509 6.08518255098173 6.01591322751029
19358 6.10009471163343 6.0730445341004 6.04001658769015
19389 6.17190934388908 6.12161523157303 6.13469871519389
19417 6.20334490614348 6.14289725086819 6.18125811874064
19448 6.12533963066401 6.0915361008322 6.11699526955519
19478 6.07258359839277 6.08768340484852 6.0971750015301
19509 6.05537787285163 6.0910836121367 6.10902533584713
19539 6.06215597523051 6.06981351351896 6.13100907454588
19570 6.08700197381705 6.08881809236389 6.14504363503628
19601 6.06819407996666 6.0897249162755 6.12774216540053
19631 6.04001658769015 6.10613162208611 6.08290360742476
19662 6.05349993802743 6.10924758276437 6.05396975245938
19692 6.10791335975123 6.13621403099418 6.06564394528223
19723 6.12402672019095 6.10300592184089 6.06634008175309
19754 6.10211106719505 6.05020504213058 6.06749923338398
19783 6.12533963066401 6.05208916892442 6.08904487544685
19814 6.08199057380735 6.04405699722715 6.05888952342277
19844 6.07488615524705 6.08927160711089 6.09650000994186
19875 6.05185384712077 6.08221891037645 6.097849537812
19905 6.0509120057514 6.05959037615558 6.11853762967146
19936 6.07212245012544 6.06842558824411 6.11875777276536
19967 6.05818817915089 6.07027572753227 6.09650000994186
19997 6.05067640673983 6.11257537285704 6.09739989751665
20028 6.07833008012956 6.13448205394291 6.08176218508876
20058 6.08722916909236 6.11522965444191 6.04049277817534
20089 6.11478776313998 6.09874821232766 6.04263283368238
20120 6.1222734872194 6.06842558824411 6.06796251808071
20148 6.12293130985029 6.03954017033954 6.06773090256143
20179 6.08244719481985 6.02731420000168 6.04025471127741
20209 6.04524225278845 6.05020504213058 6.0492616458342
20240 6.00091970587874 6.03020437542391 6.05067640673983
20270 5.99171451586319 6.00438077237453 6.06215597523051
20301 6.07649250007867 6.09765666688723 6.1557235368225
20332 6.09244046444798 6.13079161232908 6.16184003288354
