Month dProd REA RPO dprod rea rpo
1973-02-01 11.877264 36.064235 -47.999534 NA NA NA
1973-03-01 1.4191496 41.527016 -48.286474 NA NA NA
1973-04-01 1.1777108 43.99125 -47.0825 NA NA NA
1973-05-01 27.455136 48.105889 -43.857651 NA NA NA
1973-06-01 -13.110436 52.033462 -41.571063 NA NA NA
1973-07-01 36.258073 52.942861 -40.98796 NA NA NA
1973-08-01 -14.084422 57.665996 -42.78173 NA NA NA
1973-09-01 20.83655 63.15587 -37.573865 NA NA NA
1973-10-01 -23.715772 74.403785 -38.454928 NA NA NA
1973-11-01 -59.708188 72.90661 -34.808854 NA NA NA
1973-12-01 9.1213 76.712093 -31.048386 NA NA NA
1974-01-01 26.176654 72.71761 12.969996 0.0218138780546848 105.35 -0.832925897514453
1974-02-01 10.102647 64.878445 38.00726 0.00841887270564534 88.41 -0.582553002074924
1974-03-01 9.2309791 68.65206 39.179805 0.00769248259891242 98 -0.57082775160986
1974-04-01 15.544122 63.149657 38.475565 0.0129534348539284 86.03 -0.577869994383903
1974-05-01 3.5457981 70.429073 39.772538 0.00295483172266486 103.79 -0.564900460820994
1974-06-01 -8.8525595 60.627158 39.25961 -0.00737713290705955 82.12 -0.57002954494538
1974-07-01 -23.292599 50.688233 36.246946 -0.0194104990458772 61.82 -0.600156465578871
1974-08-01 -31.902449 48.511725 34.486722 -0.0265853737723827 58.45 -0.617758420092672
1974-09-01 11.852437 48.834946 31.903647 0.00987703071880475 60.2 -0.643589263643224
1974-10-01 3.7577179 49.145886 30.395373 0.00313143154643036 61.36 -0.658672230239498
1974-11-01 1.6348628 47.492512 30.140623 0.00136238565681523 58.78 -0.661219489320051
1974-12-01 -10.765544 26.63957 31.654993 -0.00897128660221824 21.61 -0.646076013886394
1975-01-01 -48.806907 11.562386 30.496457 -0.0406724220986892 -0.95 -0.65766119175954
1975-02-01 -23.393275 4.9306377 32.093429 -0.0194943955217575 -9.89 -0.64169134019381
1975-03-01 -1.9156272 -8.6688632 33.461023 -0.00159635597589336 -26.7 -0.628015712579798
1975-04-01 -8.9174378 -22.303538 32.932234 -0.00743119815232696 -41.45 -0.633303503726582
1975-05-01 5.5225454 -24.93713 32.819119 0.00460212117785552 -44.11 -0.63443460960112
1975-06-01 29.962196 -17.903098 38.489524 0.0249684962835595 -36.97 -0.577730380261724
1975-07-01 31.172343 -22.687221 36.707612 0.0259769523016988 -41.95 -0.595549675487675
1975-08-01 25.594092 -26.356646 37.893827 0.0213284103744122 -45.66 -0.58368743632663
1975-09-01 37.02579 -15.557235 35.673879 0.0308548250935612 -34.45 -0.605887132405564
1975-10-01 -118.88749 -15.178859 39.447162 -0.0990729117002846 -34.04 -0.568154168653523
1975-11-01 41.380641 -6.6756524 41.280268 0.0344838673240684 -24.14 -0.54982293328405
1975-12-01 16.223125 -16.741284 39.19817 0.0135192707758698 -35.76 -0.570644169509452
1976-01-01 -17.554891 -26.532894 27.859425 -0.0146290757334171 -46.07 -0.684031531406248
1976-02-01 31.913337 -30.845826 27.604988 0.0265944474224469 -50.32 -0.686575862912895
1976-03-01 29.585541 -13.799185 29.294073 0.0246546173531819 -32.59 -0.669684963572106
1976-04-01 -22.13142 -10.641364 28.223462 -0.018442849868558 -29 -0.680391035086368
1976-05-01 5.1251839 -2.7935532 27.839381 0.0042709865459738 -19.41 -0.684232092926753
1976-06-01 38.757941 -0.40016598 27.829517 0.032298284297541 -16.28 -0.684330609577086
1976-07-01 7.2057148 -4.5850303 27.524116 0.00600476231600133 -21.59 -0.687384494142117
1976-08-01 8.4736682 -6.6081813 27.515977 0.00706139013214724 -24.07 -0.687466125428041
1976-09-01 18.511911 -7.2264292 26.18047 0.0154265925261843 -24.8 -0.700821075760167
1976-10-01 36.208383 -4.1277071 25.809356 0.0301736523481395 -20.89 -0.7045320887816
1976-11-01 11.15496 -3.0070054 26.129473 0.00929579980144624 -19.46 -0.701331199343468
1976-12-01 29.306982 -16.616828 26.567188 0.0244224848182935 -35.86 -0.696953930062517
1977-01-01 -113.32947 -29.198924 28.930631 -0.0944412288997807 -49.24 -0.673319372223834
1977-02-01 77.983205 -25.173715 30.640162 0.06498600427234 -45.15 -0.656224184253038
1977-03-01 9.7543089 -25.468048 30.411017 0.00812859073262118 -45.49 -0.658515508975162
1977-04-01 -18.950365 -23.67821 28.496427 -0.0157919708111809 -43.61 -0.67766160022275
1977-05-01 -38.987625 -16.671414 29.958037 -0.0324896873167564 -35.86 -0.663045419725548
1977-06-01 18.314101 -20.900031 29.529312 0.0152617508323978 -40.64 -0.667332552895024
1977-07-01 -23.143414 -24.37185 27.727462 -0.0192861779683877 -44.43 -0.685351289698735
1977-08-01 16.960978 -26.902206 28.883643 0.0141341481335768 -47.14 -0.673789358955197
1977-09-01 24.920395 -27.018709 27.323108 0.0207669956930179 -47.3 -0.689394631304351
1977-10-01 -2.5589347 -14.285117 27.247844 -0.00213244562273651 -33.07 -0.690147149248493
1977-11-01 22.83631 -14.722074 26.943411 0.0190302586230153 -33.55 -0.693191669645582
1977-12-01 24.046875 -18.628262 27.482167 0.0200390626225158 -38.12 -0.687804001630424
1978-01-01 -113.88154 -19.05797 25.202783 -0.0949012818587516 -38.59 -0.710598019559222
1978-02-01 31.392494 -19.325003 23.964996 0.0261604120684176 -38.9 -0.722975783287184
1978-03-01 10.447789 -19.747623 24.436303 0.00870649074715857 -39.37 -0.718262891940152
1978-04-01 18.112863 -20.322878 22.477112 0.0150940521489655 -39.98 -0.737854616965178
1978-05-01 -20.588292 -6.6047135 22.303512 -0.0171569103643119 -22.88 -0.739590725631167
1978-06-01 28.033693 -2.6282512 21.737847 0.023361410538433 -17.32 -0.745247181796632
1978-07-01 -8.5531081 -9.113159 20.627089 -0.00712759007309316 -25.92 -0.756354912345735
1978-08-01 16.052011 -9.5116946 19.811005 0.0133766755423448 -26.36 -0.764515605316911
1978-09-01 41.42587 -0.74531634 19.38758 0.0345215581385308 -14.09 -0.76874995471218
1978-10-01 8.2116716 -3.7551292 19.175244 0.00684305965051912 -18.13 -0.770873415810068
1978-11-01 2.8199441 5.634392 19.329956 0.00234995344725597 -4.11 -0.7693261555721
1978-12-01 -26.224139 3.578438 20.086842 -0.0218534489386784 -7.11 -0.76175747106311
1979-01-01 -30.395834 -2.867319 22.886855 -0.0253298615127626 -16.39 -0.7337571267931
1979-02-01 6.4665513 0.60776679 24.292187 0.00538879277198667 -10.94 -0.719703877605175
1979-03-01 22.800548 11.558115 26.568753 0.019000456949458 6.97 -0.696938278979842
1979-04-01 23.845993 12.41917 32.459402 0.0198716610134522 8.95 -0.63803184985583
1979-05-01 -3.8809309 22.906389 39.100338 -0.00323410909834188 28.75 -0.57162251557282
1979-06-01 4.8158299 31.044457 48.137222 0.00401319156943813 46.04 -0.481253414872523
1979-07-01 12.01234 34.314205 56.380245 0.0100102835566407 54.06 -0.398823206259884
1979-08-01 -2.4004355 25.863008 59.207962 -0.00200036293736261 36.97 -0.370546099595253
1979-09-01 -4.5873934 28.67375 62.667928 -0.00382282785788846 43.54 -0.335946502734223
1979-10-01 8.4408764 28.207252 61.558487 0.00703406363644987 43.46 -0.347040941092497
1979-11-01 6.1136804 30.338382 68.070626 0.00509473367114843 48.98 -0.2819195721515
1979-12-01 -8.7379941 23.323514 73.654395 -0.00728166175269607 35.17 -0.226081879798032
1980-01-01 -21.780771 22.420749 78.404344 -0.0181506581654975 34.54 -0.178582325250619
1980-02-01 7.0571434 24.446882 82.357284 0.00588101669935348 39.9 -0.139052888049639
1980-03-01 -20.616173 24.766725 84.074094 -0.0171802566410939 41.88 -0.121884725916408
1980-04-01 -24.703838 32.496314 83.43872 -0.0205864667240725 60.21 -0.12823848920011
1980-05-01 -12.23432 33.401415 84.782788 -0.0101952998667709 63.37 -0.114797841929076
1980-06-01 4.6050039 30.112581 84.244343 0.00383747008542379 56.61 -0.120182320575573
1980-07-01 -8.0200923 24.837727 84.210173 -0.0066833267877815 44.5 -0.120523987491279
1980-08-01 -3.2836028 28.457773 83.28336 -0.00273638612033267 53.26 -0.12979219508343
1980-09-01 -23.404957 28.662219 82.503589 -0.0195041488662113 54.51 -0.137589962077046
1980-10-01 -51.635102 28.211172 82.046703 -0.0430291285698008 54.39 -0.142158846534409
1980-11-01 17.629034 31.870118 82.309318 0.0146908605354206 64.22 -0.139532691868409
1980-12-01 28.852567 32.943743 82.906258 0.0240438211891689 67.86 -0.133563071886973
1981-01-01 -3.233447 30.787362 90.636602 -0.00269467709778048 63.55 -0.0562596545784591
1981-02-01 5.477916 29.492062 90.10871 0.00456499898905527 61.37 -0.0615385931576243
1981-03-01 13.392606 24.379898 87.644137 0.0111604539862586 49.84 -0.0861844015366074
1981-04-01 -20.695131 22.305826 87.342078 -0.0172458223678138 45.5 -0.0892050985022809
1981-05-01 -16.926428 17.553846 85.175825 -0.0141053551886277 35.43 -0.110867470387156
1981-06-01 -14.48172 19.579528 82.124082 -0.0120681344531572 40.68 -0.141384924548127
1981-07-01 -27.905974 15.325625 79.802494 -0.0232549588543947 32.34 -0.164600768620581
1981-08-01 -20.603923 6.6050133 76.940854 -0.0171699344440377 14.74 -0.193217222023051
1981-09-01 2.4593617 5.2064363 74.902921 0.0020493203445735 12.67 -0.213596543178704
1981-10-01 8.0737094 6.4408016 74.552985 0.00672812830942426 15.21 -0.217095834128953
1981-11-01 -12.686365 5.8717881 76.303274 -0.0105719715114887 14.24 -0.199593064487885
1981-12-01 21.295614 2.3152379 75.263331 0.0177464364464086 7.3 -0.209992418236452
1982-01-01 -5.5340049 -0.10420402 73.798002 -0.00461178016733221 2.72 -0.224645855042485
1982-02-01 -14.094586 -5.1907858 73.311743 -0.0117453592684065 -6.62 -0.229508371182186
1982-03-01 -41.144816 -0.070250454 69.25655 -0.0342873827788956 2.61 -0.270060296950689
1982-04-01 -30.203598 4.0168636 65.202347 -0.0251697815204128 10.56 -0.310602258665293
1982-05-01 19.756817 2.0747382 64.137486 0.0164641505345617 7.41 -0.321250858272842
1982-06-01 44.158066 -11.635205 66.031619 0.0367984238123782 -16.93 -0.302309475244236
1982-07-01 -9.4134027 -26.989275 64.476268 -0.00784453904779525 -41.23 -0.317863082600854
1982-08-01 -1.7563488 -28.56019 62.795197 -0.00146362388246857 -43.57 -0.334673741911564
1982-09-01 -3.2718849 -18.118631 63.037695 -0.00272662715019756 -27.77 -0.332248763457382
1982-10-01 38.182463 -17.815095 63.383152 0.0318186830455982 -27.2 -0.328794313308031
1982-11-01 12.823165 -16.074045 62.912592 0.0106859354483078 -24.6 -0.333499943924174
1982-12-01 -24.833825 -12.980612 62.491246 -0.0206947453664235 -19.85 -0.33771325792946
1983-01-01 -33.239484 -11.752929 57.772362 -0.0278261089287817 -17.82 -0.3849020516316
1983-02-01 -69.05838 -8.8587205 55.610994 -0.0575487162061279 -12.94 -0.406515921220252
1983-03-01 22.053562 -7.1496591 47.631983 0.0183780067682644 -10.05 -0.486306003598131
1983-04-01 5.2622851 -5.8493926 45.218187 0.00438528101877544 -7.36 -0.510443797749124
1983-05-01 39.375126 -6.0256147 46.868042 0.0328125859887365 -7.57 -0.493945359428517
1983-06-01 4.775544 -14.599633 49.090574 0.0039796306618225 -22.5 -0.471719996703017
1983-07-01 39.798695 -21.648058 47.067962 0.0331655154105253 -33.76 -0.491946229408054
1983-08-01 -3.3638374 -22.325852 49.308285 -0.00280311270582168 -34.8 -0.469542929919757
1983-09-01 14.313223 -20.394489 49.144534 0.0119276084437114 -31.78 -0.471180365529894
1983-10-01 -5.6917081 -18.57067 49.186035 -0.00474301776072572 -28.81 -0.47076547243765
1983-11-01 8.0173133 -14.091428 46.914662 0.00668103182471746 -21.43 -0.49347913341807
1983-12-01 -17.607974 -20.428498 47.33767 -0.0146733089357998 -31.75 -0.489248984249781
1984-01-01 2.5346595 -19.406725 44.928493 0.00213546277048771 -29.89 -0.513340791411659
1984-02-01 7.6943842 -15.441912 44.82119 0 -23.26 -0.514413920425911
1984-03-01 -6.0900669 -12.943613 44.667483 -0.00700621653925992 -19.01 -0.515950912601227
1984-04-01 4.3625695 -10.709081 44.830665 0.0108287742569093 -15.03 -0.514319204926421
1984-05-01 -8.3663759 -11.038437 45.151206 -0.0100724631741045 -15.67 -0.511113757234468
1984-06-01 27.81477 -16.187144 44.718634 0.0220666915761836 -24.52 -0.515439424232262
1984-07-01 -15.603203 -19.207493 43.680613 -0.0165317069131277 -29.41 -0.525819547514045
1984-08-01 -37.171427 -18.687426 43.116599 -0.0271005191744269 -28.56 -0.53145981474453
1984-09-01 10.282813 -16.778861 42.066028 0.006161032298861 -25.41 -0.541965462982995
1984-10-01 9.1332902 -16.058733 41.99781 0.00796415695032238 -24.14 -0.54264775200002
1984-11-01 0.37627615 -11.620012 41.633873 0.00109546322122256 -16.6 -0.546287071601559
1984-12-01 -0.88554222 -13.406032 38.906986 -0.00547069710739656 -19.75 -0.573555899664076
1985-01-01 -27.678762 -15.460787 36.807968 -0.0191773796576076 -23.31 -0.594546033072176
1985-02-01 32.84694 -17.063529 34.406341 0.0277053048528728 -27.64 -0.618562365461745
1985-03-01 4.8174606 -15.149842 34.712132 0.00531395977112581 -25.9 -0.615504348233485
1985-04-01 -9.3888162 -11.88597 35.948683 -0.00818563500373237 -20.92 -0.603138994975188
1985-05-01 -32.223765 -12.206272 35.79818 -0.0259374034967674 -24.94 -0.604643979892067
1985-06-01 -33.627147 -18.064192 34.242495 -0.0280370542554778 -34.45 -0.620200763603227
1985-07-01 23.814017 -30.415359 31.529545 0.0184324498386701 -50.19 -0.647330414191071
1985-08-01 -3.1434254 -34.78657 31.494449 -0.00263727954965454 -57.65 -0.647681332525239
1985-09-01 42.433561 -28.283794 31.121187 0.0361734922732566 -50.1 -0.651413900902818
1985-10-01 36.776132 -20.513981 31.614078 0.0303761030835012 -37.03 -0.646484902011056
1985-11-01 10.236695 -20.129152 32.378585 0.00949507703505503 -36.2 -0.638839916961658
1985-12-01 6.6985244 -20.655566 28.507874 0.00394020674332474 -36.05 -0.677547114165349
1986-01-01 -22.438595 -21.707229 23.136331 -0.0146985026275566 -37.81 -0.731262458667776
1986-02-01 0.21597024 -29.906067 -8.6422823 -0.000288959926882271 -51.76 -1.04904863382503
1986-03-01 -10.782047 -33.742532 -32.27532 -0.00978344630907024 -55.4 -1.28537894432311
1986-04-01 2.2642261 -39.107835 -39.730776 0.000784020607024871 -61.56 -1.35993359938695
1986-05-01 25.374219 -41.637208 -39.854409 0.0215461462710813 -66.4 -1.36116986427866
1986-06-01 16.307774 -42.217344 -47.462268 0.0139931787151362 -69.36 -1.43724836326046
1986-07-01 23.651939 -47.388655 -59.138248 0.0198191820115845 -80.98 -1.55400833165568
1986-08-01 13.37591 -43.61041 -50.796089 0.012475741892354 -78.31 -1.47058672621399
1986-09-01 -84.990519 -28.522284 -43.227428 -0.070279505583013 -54.27 -1.39490002748162
1986-10-01 7.7588405 -28.179743 -43.955318 0.0056297119765194 -48.82 -1.40217887739187
1986-11-01 19.992559 -29.791726 -38.952554 0.0153784005480784 -51.14 -1.35215138818475
1986-12-01 3.6266063 -29.464658 -34.173745 0.00389258401659021 -60.13 -1.30436321244213
1987-01-01 -14.913496 -24.412579 -19.793958 -0.0113989942942894 -46.54 -1.16056540365231
1987-02-01 -15.119945 -23.846409 -16.981311 -0.013172887074596 -41.81 -1.13243884734736
1987-03-01 -16.309721 -19.287239 -15.702903 -0.0134042623661763 -35.1 -1.1196548787975
1987-04-01 14.822209 -13.734028 -12.562525 0.0108256451602458 -25.2 -1.08825098834036
1987-05-01 17.470658 -7.3184914 -10.836047 0.0140195584760363 -19.45 -1.07098614002233
1987-06-01 -6.4674892 -13.196537 -8.7882424 -0.00327362135704945 -30.74 -1.05050817986248
1987-07-01 54.318648 -14.912229 -6.1549843 0.0436874503948523 -33.68 -1.0241755354702
1987-08-01 16.408299 -4.6836299 -6.2823469 0.0124942386175437 -18.8 -1.02544924339744
1987-09-01 -12.476234 -5.5048995 -10.591038 -0.0103808054087562 -22.34 -1.06853606664296
1987-10-01 4.0221815 -1.4225609 -11.067882 0.00388604881131371 -17.34 -1.073304628187
1987-11-01 -9.5514251 0.5631624 -13.542264 -0.00815214851115798 -12.33 -1.09804836637151
1987-12-01 1.534998 2.585384 -19.03643 0.00123314214995851 -5.14 -1.15298998805086
1988-01-01 -16.277676 4.2153765 -30.111892 -0.0149871211295007 2.88 -1.26374470402599
1988-02-01 1.6799597 8.3586955 -30.413691 0.00227034830314743 14.13 -1.2667626530651
1988-03-01 7.5517335 9.9951385 -35.314277 0.00700724610600645 19.22 -1.31576845595755
1988-04-01 6.4679014 8.0458397 -30.046746 0.00610866943651978 11.68 -1.26309318469581
1988-05-01 -5.8841549 6.7866224 -28.337194 -0.00654518673390214 5.24 -1.24599778118738
1988-06-01 -7.0028353 -1.4706064 -31.498233 -0.00414767703754038 -5.07 -1.27760807030165
1988-07-01 8.8564418 -2.8061936 -36.474806 0.00533455864581001 -11.43 -1.32737388020127
1988-08-01 23.819467 -1.0495323 -40.260406 0.0195197242990606 -9.36 -1.36522977867528
1988-09-01 7.2006221 0.14341779 -44.089115 0.00829639940643645 -4.81 -1.40351694586381
1988-10-01 33.654643 4.1204807 -50.300766 0.0264356174486959 -1.9 -1.46563337298173
1988-11-01 9.0170516 8.2012024 -53.667893 0.00798154503367066 7.87 -1.49930474791928
1988-12-01 4.8244307 7.8077636 -43.156209 0.00376290874777041 11.35 -1.39418782440241
1989-01-01 -57.784646 10.732402 -30.74942 -0.0475205175252444 17.82 -1.2701200097956
1989-02-01 -9.8360289 6.9149882 -27.586977 -0.00821917724320009 12.25 -1.23849550561297
1989-03-01 8.2603026 10.754091 -21.328513 0.00717403918128667 17.58 -1.17591092053495
1989-04-01 8.7731623 10.720149 -12.311553 0.00754836564453143 17.01 -1.08574131437704
1989-05-01 -1.6070155 11.512004 -15.592991 -0.00240177949256726 21.57 -1.11855574628534
1989-06-01 0.75292669 4.750811 -20.096505 0.0014996594494292 3.16 -1.16359081288066
1989-07-01 10.491548 2.8586272 -21.96274 0.00788721193696773 1.08 -1.18225308210008
1989-08-01 17.854315 6.7366479 -26.279139 0.0136921782692223 2.46 -1.22541707952268
1989-09-01 1.6479207 6.7918846 -24.281556 0.00228054066063343 3.94 -1.20544136224309
1989-10-01 11.256173 8.3143384 -21.029189 0.00728938650620137 10.65 -1.17291757791528
1989-11-01 14.845881 12.152016 -21.263231 0.0140144402720459 18.19 -1.17525806770399
1989-12-01 -6.9507835 10.884845 -12.55686 -0.0061552722155529 14.61 -1.08819428571362
1990-01-01 -10.942252 12.045029 -11.234152 -0.00510636612690618 16.54 -1.07496731092943
1990-02-01 5.0612951 9.7307477 -15.249667 0.00422159881213169 13.1 -1.11512236253412
1990-03-01 17.593023 9.5003898 -20.056845 0.013448809812612 12.55 -1.16319420247561
1990-04-01 -5.3562539 4.8876619 -33.1164 -0.00595312268526449 2.72 -1.29378969595796
1990-05-01 -11.069698 -1.1988665 -36.877085 -0.00997392179278478 -6.19 -1.33139666822802
1990-06-01 -16.356467 -5.7500851 -43.390212 -0.0131665729265986 -15.02 -1.3965279574079
1990-07-01 2.0726901 -12.471856 -35.072926 0.00182985711636974 -25 -1.31335499246104
1990-08-01 -72.507984 -12.294257 2.3924157 -0.0621204881930009 -15.98 -0.938701532123054
1990-09-01 52.515634 -14.240912 22.546899 0.0436356115045147 -18.58 -0.737156699962516
1990-10-01 6.8410866 -11.721 31.437471 0.00624453524473445 -14.56 -0.648251135224759
1990-11-01 16.291965 -9.4645709 22.677453 0.0139341312874226 -9.6 -0.735851258430995
1990-12-01 4.1772023 -4.1621354 5.6559678 0.00415587594079092 -0.32 -0.906066023789883
1991-01-01 -3.574973 -2.6372904 -8.3601132 -0.00307799478475168 0.31 -1.04622690261044
1991-02-01 -6.1641239 0.58864481 -28.202887 -0.00525110050378075 10.06 -1.24465461852959
1991-03-01 5.0640867 0.986006 -32.216803 0.00385792682834918 18 -1.28479378611993
1991-04-01 -28.023398 -1.5247888 -28.315961 -0.0217782880455193 10.55 -1.24578531249235
1991-05-01 -3.5936037 -1.0572129 -28.467272 -0.0033471839322825 14.39 -1.24729848553474
1991-06-01 3.90939 -0.60032006 -31.971838 0.00375419814947975 16.57 -1.28234408045936
1991-07-01 19.955982 -4.609778 -30.114268 0.0160294074524572 8.1 -1.26376849456792
1991-08-01 -13.962024 -7.1340883 -27.313653 -0.012660947579187 2.94 -1.23576228214039
1991-09-01 20.76972 -5.2870823 -26.067967 0.0159260390204352 6.05 -1.22330550698334
1991-10-01 -0.884585 -4.6701283 -21.786978 0.000781373428173637 10.39 -1.18049558200358
1991-11-01 4.8657244 -2.0734209 -24.824867 0.00376529576097973 10.99 -1.21087436006352
1991-12-01 8.035831 -5.7673103 -37.067596 0.0068801366936615 5.55 -1.33330174183481
1992-01-01 1.3348299 -10.216153 -43.574369 -0.0176901638121265 2.67 -1.39836945477336
1992-02-01 -16.511711 -14.998768 -44.414109 -0.0022783491881313 -10.68 -1.40676680080636
1992-03-01 -12.964772 -18.049531 -42.54915 -0.0189701918432341 -18.01 -1.38811727073725
1992-04-01 7.2050396 -20.243147 -36.774065 -0.00278752207519339 -21.82 -1.33036636951838
1992-05-01 -22.725925 -17.067111 -29.131018 -0.00365661450414123 -14.16 -1.25393600484469
1992-06-01 4.9217814 -20.494498 -24.029824 -0.00172707019427776 -22.16 -1.20292399430514
1992-07-01 9.3790881 -23.657601 -24.769818 0.00845768428503568 -31.59 -1.21032402115271
1992-08-01 -0.26620982 -24.209374 -27.496711 0.000216854703671387 -31.54 -1.23759289821427
1992-09-01 5.2456798 -21.814152 -27.657618 0.00922399925661566 -32.91 -1.23920191677034
1992-10-01 15.860117 -20.471188 -27.667438 0.0069951183964978 -32.31 -1.23930016944966
1992-11-01 -5.7212752 -16.234587 -32.93181 -0.00376655702151218 -19.54 -1.29194381582774
1992-12-01 6.3474415 -10.305029 -41.339754 0.00197398181912689 -7.74 -1.37602337673773
1993-01-01 -3.6506293 -10.696206 -42.520389 -0.00488278864912672 -12.36 -1.38782964030877
1993-02-01 7.0129176 -10.944981 -39.163666 0.00964396591976602 -10.2 -1.35426235944474
1993-03-01 -14.153565 -8.7624762 -36.975664 -0.0197288334374974 -2.08 -1.33238245419999
1993-04-01 -14.087793 -8.3426734 -34.39316 -0.00379944899056461 1.95 -1.30655732879373
1993-05-01 3.7493294 -6.9405013 -37.209705 -0.00067620445374672 8.04 -1.33472286617178
1993-06-01 -5.7215348 -9.6211533 -43.565331 -0.00525472192117427 4.7 -1.39827910159151
1993-07-01 12.172075 -13.51666 -49.777458 0.00905040629361054 -6.78 -1.46040034537971
1993-08-01 -3.5550544 -16.305239 -51.065947 -0.00448471918667792 -6.1 -1.47328518429642
1993-09-01 0.2267495 -12.900191 -53.271231 0.00785267053664818 -3.93 -1.49533813095323
1993-10-01 9.2547625 -14.770019 -51.937118 0.0100302488904536 -7.48 -1.48199690664675
1993-11-01 1.2684528 -16.642444 -62.612195 0.00482983068110698 -13.05 -1.58874775973114
1993-12-01 7.6712915 -18.613468 -74.027987 -0.00238909837633017 -18.23 -1.70290563161859
1994-01-01 3.823687 -21.281366 -71.124684 0.0265396522582915 -18.71 -1.67387259987488
1994-02-01 -3.533768 -24.09437 -71.63001 -0.0113846187471136 -24.79 -1.67892593779792
1994-03-01 -1.7991262 -21.990202 -69.754983 -0.00194073306381348 -25.42 -1.66017559726404
1994-04-01 -9.1477598 -19.470124 -60.002646 -0.00372131984743973 -13.19 -1.56265221665445
1994-05-01 8.7955872 -14.025083 -52.276066 0.0028483397221617 -0.29 -1.48538636659011
1994-06-01 6.2147821 -16.990867 -44.611058 0.00703278933896812 -9.62 -1.40873636099252
1994-07-01 -7.8782584 -16.569835 -42.170597 -0.0019572106474417 -5.64 -1.38433167718282
1994-08-01 -2.1331934 -12.353901 -47.60734 -0.0139269200315706 -0.39 -1.43869914741533
1994-09-01 11.997414 -7.3546099 -52.414759 0.017363835186389 3.29 -1.48677329233373
1994-10-01 9.7272744 -2.0997415 -50.244208 0.00923310693617907 19.63 -1.46506790764293
1994-11-01 3.3912665 -0.082773315 -49.35056 0.000586424630043325 22.47 -1.4561313679214
1994-12-01 6.2254395 2.5233823 -53.769615 0.00795616302192315 29.24 -1.50032186746708
1995-01-01 -7.6480942 -0.66503952 -49.211066 -0.00753313808367473 30.33 -1.45473645696422
1995-02-01 10.058884 -2.7307567 -45.626448 0.00737516830126417 28.89 -1.41889021375327
1995-03-01 -14.504209 3.3605937 -45.825058 -0.00853544502935222 38.71 -1.4208764046251
1995-04-01 15.538163 1.3825972 -37.917807 0.00691298851807076 41.26 -1.34180379735877
1995-05-01 0.091344829 0.17853593 -38.86672 -0.00777492082342768 40.83 -1.3512930205193
1995-06-01 -16.652925 -5.8984103 -45.345351 -0.0067703294481074 29.37 -1.41607928510166
1995-07-01 18.455807 -4.7486586 -50.959747 0.016724297546018 27.6 -1.47222320794067
1995-08-01 2.5209171 -4.3823616 -50.914015 -0.000853317365363537 33.43 -1.47176598518047
1995-09-01 7.5542994 -5.9865743 -50.022169 0.00427062130477118 29.61 -1.46284749053665
1995-10-01 -6.5196785 -10.130735 -52.828687 -0.00811885384637989 13.71 -1.4909126124174
1995-11-01 3.7967626 -11.057327 -51.556861 0.0119466400828312 10.07 -1.47819431933965
1995-12-01 7.4353624 -12.532061 -45.752707 -0.00117272892953046 8.15 -1.42015288562919
1996-01-01 -1.3763331 -14.613237 -46.556811 0.00274996235140534 3.13 -1.42819394416941
1996-02-01 7.5297459 -16.68015 -45.10512 0.00922958207573465 -4.48 -1.41367698511579
1996-03-01 -2.8169654 -13.756424 -34.106373 -0.00441290487300527 -8.25 -1.3036894332258
1996-04-01 -2.7985899 -14.202325 -27.552002 -0.00354151313672979 -3.47 -1.23814577251691
1996-05-01 0.0048222329 -15.530526 -33.584021 -0.006209195895714 -6.28 -1.29846591447179
1996-06-01 6.0518681 -21.817754 -37.833005 0.00868381431941323 -16.96 -1.34095584186017
1996-07-01 1.6291061 -28.534732 -36.585397 0.0042693651316803 -29.88 -1.32847971459941
1996-08-01 -6.2116656 -25.777197 -32.076938 -0.00203331089957182 -32.75 -1.28339509401894
1996-09-01 8.89277 -25.340876 -25.297324 0.00391310400139488 -38.19 -1.21559901353724
1996-10-01 6.7032393 -23.46868 -20.398381 0.0033199708795717 -28.9 -1.16660950722581
1996-11-01 8.3749442 -12.778005 -23.15521 0.00878315167441635 -4.43 -1.19417785857552
1996-12-01 10.604421 -11.111114 -20.965669 0.00866418137377778 -1.99 -1.17228251890894
1997-01-01 -1.2363091 -10.156435 -22.019109 0.00277971564613999 -3.64 -1.18281687771928
1997-02-01 6.5637735 -13.183241 -31.964302 0.00418505319763973 -5.31 -1.28226876185512
1997-03-01 -0.25862805 -11.919527 -40.623599 -0.00626355379584886 -2.87 -1.36886171547284
1997-04-01 9.605272 -13.09084 -47.880392 0.0132090125426441 -9.15 -1.44142962770174
1997-05-01 -11.955693 -12.665023 -43.921656 -0.0103937014469029 -16.58 -1.40184227052334
1997-06-01 -14.246198 -12.860628 -50.796826 -0.0137061342455223 -17.07 -1.47059405569393
1997-07-01 8.2447311 -9.5199197 -50.117913 0.0125050468206727 -11.9 -1.4638049039639
1997-08-01 16.151273 -8.6151958 -47.715202 0.0120340729041803 -15.48 -1.43977773187478
1997-09-01 6.3740103 -6.3377072 -48.578005 0.00330088263423534 -15.33 -1.44840583220998
1997-10-01 9.3537761 -7.4419559 -43.951635 0.0160828818836265 -13.28 -1.40214209207112
1997-11-01 -2.6285718 -8.0683749 -48.719772 -0.00527341304049678 -20.04 -1.44982343312804
1997-12-01 -3.376323 -9.4863921 -60.20399 -0.00210732082023846 -20.09 -1.56466572805776
1998-01-01 21.968859 -12.552162 -71.037882 0.0115717392594945 -26.66 -1.67300461643007
1998-02-01 6.5099573 -21.312447 -78.34674 0.00822459116709418 -42.5 -1.74609319315791
1998-03-01 -2.076963 -22.245072 -85.988804 -0.00218742318645404 -35.47 -1.82251383979291
1998-04-01 -2.4402555 -26.368686 -82.374175 -0.00633802123240557 -42.39 -1.78636751925704
1998-05-01 -9.5454823 -27.400407 -84.194077 -0.00918232714350964 -42.77 -1.80456648173257
1998-06-01 -4.9415676 -32.663661 -92.579339 -0.000703978993557897 -51.68 -1.88841919344651
1998-07-01 -2.3259575 -36.223894 -93.342873 -0.00500401549767737 -58.32 -1.8960544823747
1998-08-01 -17.927955 -33.715263 -95.300261 -0.0182967951211257 -63.28 -1.91562833165902
1998-09-01 1.5807087 -25.330023 -83.485205 -0.0025016165075904 -54.43 -1.79747775321255
1998-10-01 2.1614169 -22.86042 -89.036266 0.00808663236693619 -42.43 -1.85298843228401
1998-11-01 15.236592 -26.253009 -98.862796 0.013650706263368 -44.95 -1.95125370459161
1998-12-01 -3.1665546 -25.999661 -114.77949 0.00272326564020098 -57.15 -2.11042062066395
1999-01-01 3.8029488 -34.603172 -107.08049 -0.00411744763696476 -62.74 -2.0334307116298
1999-02-01 5.7582262 -34.341206 -105.42111 -0.000747487658538049 -58.54 -2.01683687064859
1999-03-01 -5.7633053 -26.895719 -89.666489 -0.00535349556676579 -43.88 -1.85929066692956
1999-04-01 -26.146555 -32.064534 -70.05453 -0.0179648094950817 -48.93 -1.66317104849863
1999-05-01 -3.5336968 -24.698869 -65.177953 -0.0118063107023971 -34.8 -1.61440525927362
1999-06-01 -19.327957 -30.246217 -63.017767 -0.00170683664330618 -41.85 -1.59280340276983
1999-07-01 27.963847 -27.591052 -50.818783 0.00933084684792007 -43.33 -1.47081358865344
1999-08-01 -2.0152298 -23.172957 -43.02435 0.00208958603858278 -36.57 -1.39286932436519
1999-09-01 0.80714164 -18.583331 -33.336707 -0.00325242633581624 -27.69 -1.29599279331392
1999-10-01 9.2256637 -7.2755195 -33.607796 0.00988625102160512 -12.14 -1.29870376503186
1999-11-01 -0.37970419 -7.0621783 -26.991711 0.00643479034682137 -12.53 -1.2325428741485
1999-12-01 -14.79314 -5.1203984 -22.132046 -0.0102656390578844 -11.92 -1.18394617001187
2000-01-01 17.80417 -7.863755 -18.640096 0.00274991722787199 -9.99 -1.14902672062808
2000-02-01 11.297685 -5.1183375 -11.075818 0.0110690029808325 -8.64 -1.07338397219052
2000-03-01 0.57752374 -0.18724934 -10.536887 0.00274395842066433 6.04 -1.06799464566741
2000-04-01 11.980896 0.20434336 -23.615157 0.00765930048225449 9.12 -1.19877736347787
2000-05-01 8.9069521 -1.8416091 -15.650192 0.00599131563248534 5.14 -1.1191276631027
2000-06-01 -3.6317133 -2.4055674 -6.9606763 -0.00532741918080859 3.91 -1.03223249465821
2000-07-01 10.916156 -1.1147396 -10.44892 0.0108648177618562 5.59 -1.06711498732209
2000-08-01 14.222967 0.19304915 -7.6318325 0.00805438974974315 7.05 -1.0389441103554
2000-09-01 0.66054499 2.1135652 -2.2199565 -0.000888351264109133 11.06 -0.984825348291029
2000-10-01 7.5392812 3.5724914 -5.2134459 0.0111932759084628 12.33 -1.01476020092312
2000-11-01 9.3120848 4.3322937 -4.414441 0.0125514108545399 11.63 -1.00677023240937
2000-12-01 -21.704285 0.43285663 -22.118828 -0.0217977021609848 4.78 -1.18381404772408
2001-01-01 -2.1978231 -2.7249228 -25.508154 0.00511722092216615 1.67 -1.21770728941861
2001-02-01 -8.3383314 -6.3317683 -23.794662 -0.00883729669980049 -4.11 -1.20057243610894
2001-03-01 11.862299 -6.6418753 -32.026084 0.00793928302924485 -2.45 -1.28288664319435
2001-04-01 -15.579664 -7.8994973 -32.283253 -0.010393560084351 -6.74 -1.28545829576069
2001-05-01 -12.351777 -7.0930185 -25.901573 -0.0121518947594392 -6.46 -1.22164149007913
2001-06-01 -27.63576 -8.469916 -28.926614 -0.0244178370995538 -11.54 -1.25189184656026
2001-07-01 34.973662 -13.592323 -33.854019 0.0353763567411711 -24.38 -1.30116593625728
2001-08-01 3.1832442 -22.825001 -29.512052 0.00168486249604882 -45.05 -1.25774626414331
2001-09-01 -6.6428334 -23.853606 -35.352326 -0.0102100021463691 -48.91 -1.31614903613266
2001-10-01 -2.0532356 -25.504598 -53.294461 -0.000579084584034106 -53.57 -1.49557033568253
2001-11-01 4.3699967 -27.329112 -68.777663 -0.00193154385112138 -58.25 -1.6504023625605
2001-12-01 -7.7064767 -27.620139 -69.408597 0.00122601295078972 -56.29 -1.65671171628455
2002-01-01 -15.784039 -24.474297 -62.967094 -0.00632453024624624 -49.51 -1.59229664901601
2002-02-01 1.266237 -21.880007 -56.330429 0.00209364673439794 -46.44 -1.52593007985412
2002-03-01 -3.3499026 -16.541824 -36.558818 -0.009020782590488 -36.18 -1.32821390091817
2002-04-01 -10.344827 -15.577811 -29.697796 -0.0133307793466759 -35.34 -1.25960368984199
2002-05-01 11.128248 -18.926904 -27.90918 0.0123256837042156 -39.45 -1.24171762402446
2002-06-01 -2.6839945 -19.30487 -32.099939 0.000663568654013957 -43.09 -1.283625198015
2002-07-01 8.5059538 -19.664905 -25.961883 0.0135681812499477 -43.85 -1.22224458978964
2002-08-01 -4.8079343 -18.818894 -23.515603 -0.00405852609819135 -42.55 -1.19778183396142
2002-09-01 10.509678 -12.031502 -18.152052 0.000640122720918512 -26.03 -1.14414628877215
2002-10-01 23.463036 -5.5781478 -22.702727 0.0208816202722684 -11.69 -1.18965298732862
2002-11-01 2.1602234 -3.3183294 -32.176257 0.0031190664852474 -4.96 -1.28438836347964
2002-12-01 -29.527276 1.4640732 -20.413069 -0.0100929714506393 8.24 -1.16675644094102
2003-01-01 9.6564635 3.4229444 -8.1287983 0.0394478441986479 9.64 -1.04391374726734
2003-02-01 27.620361 3.0665459 -2.499951 0.0188731150197139 8.07 -0.987625259171541
2003-03-01 9.0965472 6.9081405 -12.433428 0.000534194243801522 18.07 -1.08695999027584
2003-04-01 -18.530442 10.495301 -29.785972 -0.0192818589580384 29.57 -1.26048552363892
2003-05-01 0.22736703 13.513622 -26.921939 -0.00266986153523163 37.68 -1.23184511121144
2003-06-01 -13.919671 12.488285 -19.121818 -0.00268962035756282 33.39 -1.15384399659345
2003-07-01 10.747082 12.45067 -16.802452 0.00652815294147935 35.82 -1.13065025641038
2003-08-01 7.9993064 14.555844 -15.28831 0.0065690857274614 39.75 -1.11550885132731
2003-09-01 12.142171 15.804106 -26.110059 -0.000566738883795992 47.05 -1.22372637260388
2003-10-01 14.776328 30.342871 -19.733383 0.0181864190236993 99.81 -1.15995964181585
2003-11-01 3.5474879 32.796762 -19.239905 0.00576665681827038 101.99 -1.15502485013278
2003-12-01 21.364909 35.016057 -15.373749 0.00820377213097778 110 -1.11636322349013
2004-01-01 -5.2978415 39.457998 -10.710175 -0.00646000851916817 122.36 -1.07026440690191
2004-02-01 -0.60993482 40.576355 -9.0703909 -0.000775220238208973 126.45 -1.05332971610778
2004-03-01 -0.42848993 37.861192 -4.6057516 0.00732255945716886 120.37 -1.00868327189656
2004-04-01 -0.95097318 33.968685 -4.2078243 -0.00563010646951057 107.01 -1.0047039602779
2004-05-01 -5.2011784 27.68524 5.1947353 0.00595953793020065 84.57 -0.910678375251645
2004-06-01 26.643549 22.303495 -1.6303715 0.0195543959432847 62.93 -0.978929467498685
2004-07-01 5.7723136 29.108653 5.3045002 0.00440762650865345 89.37 -0.909580724766989
2004-08-01 -15.282667 32.336099 14.628859 -0.0137792391749354 99.33 -0.81528059765378
2004-09-01 10.227815 31.633912 16.82161 0.00598369883556238 98.51 -0.794409652108813
2004-10-01 8.1693312 33.372806 27.826717 0.00959149212582844 107.33 -0.684358563324563
2004-11-01 -5.7426702 39.162531 14.557807 0.000635318890422454 122.69 -0.817569446297927
2004-12-01 -6.1610162 40.295981 -1.2652146 -0.00487619707669218 126.74 -0.975277880542367
2005-01-01 11.203744 34.571516 8.4870277 -0.0073284991813658 106.59 -0.877233685837863
2005-02-01 4.6284428 35.088299 13.766046 0.0108785197608405 107.01 -0.825485184516352
2005-03-01 5.3421734 35.579781 27.544489 -0.000519065040364808 109.98 -0.688217160355381
2005-04-01 4.8330268 35.709126 26.023824 0.00735552394377592 106.67 -0.701871444198034
2005-05-01 2.5546029 31.678585 21.519375 0.00329724558153899 85.71 -0.747948634597734
2005-06-01 -6.1856642 20.805542 34.658642 -0.00817854691629982 57.01 -0.616555795118705
2005-07-01 -2.5840888 15.329085 40.869744 0.00099447198024194 35.19 -0.553928332773524
2005-08-01 0.992038 13.559321 50.765625 0.00128392219389895 34.16 -0.454459676999873
2005-09-01 -6.8307513 19.668683 49.653475 -0.0174251985678247 56.9 -0.466090983971954
2005-10-01 1.601133 23.688148 43.350665 0.00903441259406002 68.9 -0.528617019771261
2005-11-01 7.8602368 22.364507 33.650406 0.00924196490386819 61.5 -0.625112674988817
2005-12-01 4.6624634 17.539813 35.446577 0.00160756835616027 50.2 -0.607655377850362
2006-01-01 -8.252581 12.955454 44.221894 -0.00470706497644358 35.84 -0.519905210349548
2006-02-01 -1.8235353 15.534344 38.656224 0.00636659845485887 43.69 -0.576565163448786
2006-03-01 -2.5772085 18.024581 43.150063 0.001650228144495 49.86 -0.531625977082398
2006-04-01 1.6644006 15.89522 54.727492 -0.00982180265823906 44.23 -0.415849184130267
2006-05-01 -7.147113 15.075465 57.502428 -0.00453617834552666 43.17 -0.387601472558235
2006-06-01 -1.5265194 17.60279 56.268619 0.00565442986849796 53.79 -0.399444196986926
2006-07-01 16.556261 21.046427 62.150966 0.0133668598561485 64.94 -0.341116113223377
2006-08-01 -5.2276346 26.976715 59.417294 -0.0130637794585837 83.63 -0.368452835917411
2006-09-01 -4.7113545 29.892896 45.027511 -0.000923831737202008 93.41 -0.511857697034553
2006-10-01 5.6058877 31.524392 37.17052 0.00226324796877897 93.75 -0.590920585219509
2006-11-01 -6.0633355 32.620687 37.07151 -0.00166125662702399 97.81 -0.59141574544043
2006-12-01 -3.5839241 33.443609 40.696713 -0.00575538917378537 100.86 -0.554674365062558
2007-01-01 -1.3939093 34.715997 30.111544 0.00405675892813839 103.73 -0.659734021145452
2007-02-01 2.9826302 34.870975 37.938107 0.00620225250538908 102.06 -0.582275047707888
2007-03-01 -1.2282079 37.503923 42.135816 -0.00270103204567462 116.97 -0.541305219961335
2007-04-01 4.5789099 40.206737 48.918468 0.000513967855191311 128.46 -0.473356974851375
2007-05-01 -8.764245 43.335624 50.165489 -0.00536493664102267 138.88 -0.459448115306219
2007-06-01 -4.5300167 39.702492 55.749458 -0.00324904871112075 128.46 -0.40353928187198
2007-07-01 7.3054578 43.253674 63.745744 0.0107334647756154 141.43 -0.324238598329067
2007-08-01 -11.455108 47.054656 60.214855 -0.0125663762151795 150.62 -0.360082430042255
2007-09-01 14.142312 50.86939 65.459708 0.00491475516707318 167.9 -0.306550661725165
2007-10-01 10.104911 56.806754 73.676382 0.0162691536745498 187.31 -0.226507534400609
2007-11-01 -3.0388197 57.274224 81.208621 -0.00719800325496323 187.82 -0.149967366624263
2007-12-01 7.3158594 56.824304 78.115411 0.00552182089890962 180.94 -0.180360836815675
