-0.00470706497644358 35.84 5.8027224225111 -0.519905210349548
0.00636659845485887 43.69 5.77548278882139 -0.576565163448786
0.001650228144495 49.86 5.76707021389212 -0.531625977082398
-0.00982180265823906 44.23 5.74332364927673 -0.415849184130267
-0.00453617834552666 43.17 5.72031177660741 -0.387601472558235
0.00565442986849796 53.79 5.75257263882563 -0.399444196986926
0.0133668598561485 64.94 5.76613109972074 -0.341116113223377
-0.0130637794585837 83.63 5.69876993283266 -0.368452835917411
-0.000923831737202008 93.41 5.73236993150811 -0.511857697034553
0.00226324796877897 93.75 5.76707021389212 -0.590920585219509
-0.00166125662702399 97.81 5.8090429853137 -0.59141574544043
-0.00575538917378537 100.86 5.84383423010396 -0.554674365062558
0.00405675892813839 103.73 5.82629504913159 -0.659734021145452
0.00620225250538908 102.06 5.81830092809879 -0.582275047707888
-0.00270103204567462 116.97 5.78904231860702 -0.541305219961335
0.000513967855191311 128.46 5.7509840761405 -0.473356974851375
-0.00536493664102267 138.88 5.72749900127352 -0.459448115306219
-0.00324904871112075 128.46 5.77827132664694 -0.40353928187198
0.0107334647756154 141.43 5.79878957823454 -0.324238598329067
-0.0125663762151795 150.62 5.76863344697582 -0.360082430042255
0.00491475516707318 167.9 5.75447558897172 -0.306550661725165
0.0162691536745498 187.31 5.75352456655102 -0.226507534400609
-0.00719800325496323 187.82 5.7695702151942 -0.149967366624263
0.00552182089890962 180.94 5.77455154554441 -0.180360836815675
-0.00283678428907308 148.97 5.75415868198127 -0.164638821941647
0.00127099349303528 144.68 5.76425022142329 -0.136975375220038
0.00296031708719013 160.44 5.73366484913807 -0.0368582084956637
-0.00748179595138687 163.12 5.71472241469454 0.0378216617246177
0.00408087955646685 189.59 5.69305851129323 0.138951854454582
0.00028475414479523 183.03 5.70411575244632 0.208234156650818
0.0100731367423599 168.82 5.67641127786007 0.213323510231973
-0.0144911305555393 150.31 5.6479173418148 0.0758217964465148
-0.013461579156985 110.65 5.68561850402853 -0.0679747148271109
0.0133837052018499 10.46 5.69406878246856 -0.367213975578385
-0.00210462328489314 -66.78 5.75858626669687 -0.715914638859918
-0.0104055591614518 -75.52 5.79331843996706 -1.02944138182592
-0.0145895621156011 -55.88 5.8218617627218 -0.997449428977625
0.00536955078333712 13.57 5.84238432409383 -0.95545428970754
-0.00227866777013475 21.36 5.83860470046365 -0.778910489727299
0.00390546301049888 4.86 5.81383197980016 -0.704100985733704
-0.00548077250876311 47.47 5.82570507861301 -0.570150903217003
0.00181005139636348 87.7 5.83364046191442 -0.422179149587046
0.0131199843686662 75.05 5.80844274519963 -0.466716539488253
-0.00737740920820507 52.4 5.82511475982373 -0.39963879812789
0.00598420201774097 39.09 5.8254099627779 -0.408050774461841
0.00619160533640795 54.49 5.83158917914386 -0.347896461728612
0.00167265945840533 90.45 5.84586057324919 -0.319282712931341
-0.00410005139726444 80.73 5.87577307261179 -0.343329971468435
0.00248087396303553 68.83 5.85306417737196 -0.311486176252237
0.00424161841450932 52.29 5.82304589548302 -0.328545199992873
0.00330892289829521 70.45 5.8218617627218 -0.288472303318039
-0.00331497453367113 65.35 5.81651574464344 -0.247114735151256
-0.000270747290398887 88.78 5.80633906298129 -0.364206050025204
-0.00492252655629066 67.25 5.83158917914386 -0.353162147997611
0.00337262485316892 19.19 5.8391871116624 -0.336293722375015
-0.00169818360558516 43.37 5.82658990391775 -0.334347818576878
0.00418819038950424 54.53 5.85593115181279 -0.34100710017194
0.00449200127846794 53.39 5.87042621873093 -0.294489183014667
0.00437614382856744 38.44 5.90345266978477 -0.258499486969373
0.00121182760020488 24.86 5.90645117278103 -0.193965732220178
0.0100860693289793 -12.43 5.86021626049803 -0.173876857688395
-0.00575995674962471 -29.67 5.85707564406933 -0.134517028471673
-0.0139796185449406 -6.57 5.83831336761381 -0.0259619185713982
-0.00208030786650504 -17.46 5.81770622097452 0.0677401488750452
-0.00852144155977008 -16.92 5.8218617627218 0.018944762361435
0.0106595113376038 -10.94 5.85650356167386 -0.00542839764756622
0.005283438279438 -15.88 5.88332238848828 -0.00274504899003718
0.00614847984008371 -14.47 5.8490365539757 -0.0736475703697881
-0.00826737082448403 13.77 5.85907535906224 -0.0553211341339792
0.00768846400434242 25.75 5.81919232616703 -0.046736782555419
0.0129494845541451 13.58 5.85076466500485 0.00561329172387072
0.0046658431632256 15.53 5.86277853947994 -0.00536261384948071
0.00221477851762764 -43.24 5.8641991960621 -0.0200774719224506
0.00289490206116305 -82.45 5.85964597248713 0.00432066408976765
-0.00140055180579246 -62.4 5.84383423010396 0.0288878598062001
0.00411469663016462 -45.16 5.8490365539757 0.00481700049842867
-0.0090810865974067 -37.17 5.86220971125072 -0.0429813812958127
-0.0026714350977084 -53.03 5.89605436230332 -0.155661548552441
0.00332652119543297 -40.94 5.89053862851802 -0.147201575656032
-0.000266791571648994 -74.17 5.84730545140838 -0.110362976278453
-0.00752422390234209 -81.81 5.86078622346587 -0.0670396261805395
0.00803161558040522 -52.12 5.89880086224456 -0.0786111520679547
0.00696102990445269 -44.48 5.94907883061154 -0.105577011034104
-0.00152315678352366 -62.32 5.96819592016863 -0.151039303882055
-0.00736311910529786 -72.82 5.96819592016863 -0.109067628259125
-0.00279254480378377 -76.58 5.93990806019358 -0.101091171084365
0.00270604595834634 -59.92 5.93038669759939 -0.0994853245764869
0.00555148108179893 -59.78 5.91377323939211 -0.124600730690271
-0.00175884997852549 -62.28 5.90590665874634 -0.103983029287883
0.000705578832610243 -52.39 5.93383543427135 -0.119955100135267
0.00669239102990282 -34.67 5.92692602597041 -0.0777229348250244
-0.00318233096477272 -37.91 5.86957935911786 -0.0548289672068916
-0.00612230399929636 5.69 5.90263333340137 -0.0616589806481641
0.00364820607696004 17.19 5.92077380648521 -0.118335622118344
0.00392057121273481 -1.73 5.97888576490112 -0.199710165485251
0.00550247815033522 31.62 5.99992862552011 -0.200029488999737
0.00286508229509863 -7.61 5.9781259826688 -0.21199155258747
0.00627494560346342 -33.15 5.9327755507593 -0.144284658783974
-0.00825832272012939 -6.79 5.90481674038231 -0.135663653927408
-0.0026468054240727 -41.86 5.90236007202516 -0.13546915229875
0.00222254479620076 -47.18 5.92852474733411 -0.125827241135937
0.00389262538604385 -55.54 5.93038669759939 -0.109031060008672
0.00325935918149334 -69.1 5.92799212415241 -0.125331319429569
0.00425677806974711 -52.54 5.8780158546004 -0.182693149227289
0.00933680375447388 -34.31 5.90672331865289 -0.22493733199492
0.0123487791124077 -36.08 5.91377323939211 -0.301812342321881
-0.00295379067668655 -16.66 5.93990806019358 -0.407102722632676
0.0108486608412584 -54.34 5.99421077277601 -0.663315301461693
-0.0092132467864321 -76.19 6.01591322751029 -0.905403879474479
-0.00145362481057276 -105.87 6.0412066390028 -0.854833196515942
0.0116194429531706 -99.42 6.1273057700194 -0.856676056264735
-0.00491525051740993 -96.72 6.12315048793336 -0.768626306402213
-0.000747472160968599 -95.93 6.1351318969204 -0.663869050976223
0.0056026651640213 -80.26 6.13209567684773 -0.642920695002752
0.00632056636201561 -46.94 6.10924758276437 -0.760888818098461
-0.00319273943900811 -37.92 6.07096864822058 -0.953638127913143
-0.00136850050750148 -55.68 6.11567135056217 -1.00142810206389
-0.000563427847646736 -67.01 6.12839640160313 -0.98052808346773
0.00826464648765146 -97.85 6.17378610390194 -1.0552627392186
0.00218895756856163 -109.04 6.19868194787193 -1.2176851145347
-0.00088938535871641 -138.39 6.22257626807137 -1.40511245491664
-0.0092361925235469 -161.1 6.20778487307407 -1.43407599703352
-0.00142259522431054 -139.01 6.20415364051833 -1.24716232654564
-0.00968267506805631 -93.18 6.19847871649231 -1.14345631210897
-0.00993686841341557 -91.22 6.20213057691108 -1.01591395966934
0.00894121868100228 -93.29 6.20778487307407 -0.942187175951297
0.00943892825654125 -77.91 6.20556735377004 -1.00361177643739
-0.00710740058184278 -82.93 6.21540777859276 -1.01198970904368
0.0045711526615726 -62.31 6.24125002936861 -1.02313886295024
0.0142844125423256 -57.57 6.15846093779919 -0.934315508900637
0.0120892828257393 -36.49 6.18785336111337 -1.00391227355264
-0.00669905476747523 -38.67 6.20314262031291 -0.895157692575007
-0.0121078863187947 -53.49 6.2219808527516 -0.869667009797137
-0.00151267312738668 -71.25 6.20657592672493 -0.845410818067076
-0.0061556699524381 -30.3 6.19583294309586 -0.904391720855673
-0.00633135489302994 -23.44 6.2160071193359 -0.88562449212925
0.00985438435435704 -45.95 6.19847871649231 -0.890342393677056
0.00309583861987761 -58.19 6.19583294309586 -0.960728337988942
0.00579093632020289 -52.86 6.1946094519155 -0.944612228020498
-0.00528053294447695 -29.95 6.155070385706 -0.88651548705899
0.0016950391379833 -12.55 6.19113474223655 -0.833680852854166
0.00266067954151339 -3.97 6.2027379258517 -0.815998371711735
0.00562036554921619 -6.14 6.21280647647556 -0.727606439328726
-0.00438036608643699 4.56 6.1837364347551 -0.709664695373785
0.00589350311442693 -22.19 6.14547235958733 -0.675150416268223
0.00286524403036914 -32.22 6.09874821232766 -0.70637849086315
-0.00103202994466578 -29.49 6.05959037615558 -0.727642636562283
-0.00326343362776171 -31.77 6.02320543289204 -0.65533144338812
-0.00101889850670744 -18.27 6.0369158100119 -0.584400726263542
0.00202202099363369 -13.73 6.06029073803783 -0.5712857444919
0.00867196055713926 6.28 6.04618944679723 -0.575063805224909
0.00495870506927609 9.84 6.02707297457535 -0.594109621343773
0.00175473394469705 -6.9 6.05537787285163 -0.577709574391097
0.0103499139233669 -0.41 6.0928923397381 -0.56383673673923
0.00423781175302018 -26.11 6.15209419303295 -0.783182778998132
-0.00553062615848354 -14.68 6.18187827379927 -1.02369351582189
-0.0201179792005544 -37.22 6.19807212978209 -0.873210187273523
-0.000334437392270459 -89.82 6.17190934388908 -0.745344540213083
-0.00348822872603982 -82.23 6.14010004624713 -0.67302140979259
-0.00101955917834573 -69.62 6.10991402730753 -0.60911230377726
-0.00534278956753376 -40.2 6.13469871519389 -0.615338488249979
-0.000467791658762096 -27.49 6.17274389432349 -0.726664181574641
-0.00492414580356026 19 6.16898292039592 -0.711583565414402
0.013273290658379 24.89 6.12577688471558 -0.778321507553251
-0.020486185729327 37.81 6.1273057700194 -0.746144070117051
0.0230874353727373 16.59 6.14697144970638 -0.800343308393118
0.0100438102405409 -8.74 6.1837364347551 -0.788023692318841
0.00190952088144947 -11.58 6.1837364347551 -0.762745767127944
-0.00820880228621235 -79.41 6.16667756466464 -0.818508056723364
-0.00971952253876118 -121.2 6.14225243623005 -0.947145104992943
0.00141135301268314 -94.06 6.20172547259118 -1.45111351721789
0.00351089268203886 -83.12 6.27964649460141 -1.97526486304302
-0.144904438328373 -113.46 6.31824713318168 -1.67598878575661
-0.0180121842690486 -28.61 6.30444880242198 -1.20960266566818
0.0207854776539289 6.47 6.19949446061214 -1.13009888328742
0.0149973725783354 -1.17 6.18001665365257 -1.07483028723239
-0.00207609662029107 -8.45 6.17420268378715 -1.15181909667488
0.00791915319732439 6.09 6.20071199323008 -1.17709766364394
0.0243346080051197 -26.34 6.21019838993349 -1.14454244036399
0.00984685267935603 -21.33 6.21959563993323 -1.00209005275603
0.00481706324965714 7.34 6.21840089666089 -0.9145530940233
-0.0257256738043221 -2.86 6.15315813610597 -0.801934209961841
0.0251583017918637 26.49 6.13686274979734 -0.735241466977784
-0.00643361604411297 46.4 6.1351318969204 -0.724701951460618
0.00661741444020514 63.97 6.11124558542704 -0.684346856585844
0.00670186507815806 62.16 6.1262139476596 -0.616736194331385
0.0166433803890165 70.24 6.11168904441435 -0.606228151811255
-0.00527492209804414 85.55 6.08881809236389 -0.670923119697859
0.00517690400197068 99.49 6.08995149382264 -0.622668022890421
0.0170446292639141 110.42 6.10009471163343 -0.54013204880101
0.0110662535698243 54.72 6.13339804299665 -0.539616658219058
-0.0057981166725547 56.04 6.14718542210476 -0.662689786491068
0.00226532012030134 8.08 6.14053089502588 -0.548824767273838
0.0157397811839566 11.66 6.11545052688897 -0.42432068100718
-0.000855009699414211 40.28 6.07073772800249 -0.260737676091094
-0.00955055376648772 29.63 6.0219937521428 -0.280930632588463
-0.00628758347164116 57.05 5.9482960517066 -0.233429972994251
0.00314823182024604 35.08 5.96435025461641 -0.215948426212253
0.011358532002987 21.29 6.09919724691086 -0.332670713050983
0.0120076040115755 -17.21 6.08700197381705 -0.411219261866657
0.00663008493731176 -12.29 6.08495489019532 -0.517095673754281
0.00106454610851792 7.23 6.11567135056217 -0.510879218342118
0.00386149657657242 -26.24 6.12555828158868 -0.573865773188821
-0.00749695809287942 -14.9 6.0897249162755 -0.686435328480552
0.00220380271212051 -62.19 6.10680014578789 -0.700008541984067
0.00787533259431328 -94.67 6.13772705408623 -0.712684094303902
-0.000511914219334386 -18.35 6.15824936475281 -0.729736092800985
-0.00705216725312674 -13.74 6.09311820083448 -0.640477438207496
-0.00939394036985242 -18.14 6.05654979376392 -0.713329366610517
0.00729998555441114 -45.13 6.08427159669419 -0.722639632442055
-0.00890969629675276 -49.09 6.09311820083448 -0.651593329474439
-0.0057630161904374 -39.37 6.06726751052348 -0.576116489749674
0.0118313722789107 -20.44 6.06888844407279 -0.508312691625398
0.00431963742092023 8.98 6.08267542716137 -0.555368485367715
0.00988129545186744 7.01 6.09874821232766 -0.641901268622605
0.00361771179264458 39.62 6.13859061199828 -0.759416446265498
-0.0168516535800425 -5.64 6.13209567684773 -0.745514807432007
0.0084253383109445 20.79 6.07119951512684 -0.698401354825655
0.00528563936753201 26.23 6.07096864822058 -0.661956423392459
-0.00659168052615478 0.64 6.04239527577653 -0.588885161533212
-0.00853526052690334 9.82 6.05842201523286 -0.63335550651896
-0.00365407146528085 11.41 6.07833008012956 -0.627599020153939
0.00343905613772577 11.59 6.08358783598379 -0.617880230188397
0.00271397386819849 0.09 6.05138303731923 -0.68449515479618
-0.0132447954790749 13.57 6.05302990276614 -0.756954779021599
0.014282237034573 -2.93 6.09604976229806 -0.740713516599549
0.00261432231447678 -10.97 6.11963786083096 -0.7696603045869
0.00494808611063924 -44.9 6.11963786083096 -0.785974505603438
-0.00327742629398386 -61.9 6.12161523157303 -0.726745213478703
0.00350550915088021 -66.12 6.09469780174963 -0.750731381508103
0.0133639633582678 -11.81 6.07396576861973 -0.802012605316843
-0.00657451586863722 -23.55 6.0294826142955 -0.866362207352962
0.00101933275865207 -25.02 6.0181064780544 -0.893830179045354
0.0129621292512851 -2.32 6.03428454429091 -0.810858152248836
0.00517443255502492 5.24 6.02296321416735 -0.797498304075273
0.00551669399516541 14.52 6.07133408594251 -0.844644648029587
0.0085994815010455 20.39 6.11124558542704 -0.861582579993262
