-0.00470706497644358 35.84 -0.519905210349548 5.77361943424498
0.00636659845485887 43.69 -0.576565163448786 5.75320735798372
0.001650228144495 49.86 -0.531625977082398 5.73495809212465
-0.00982180265823906 44.23 -0.415849184130267 5.71735659468332
-0.00453617834552666 43.17 -0.387601472558235 5.74843711519663
0.00565442986849796 53.79 -0.399444196986926 5.73463493813897
0.0133668598561485 64.94 -0.341116113223377 5.73818390137353
-0.0130637794585837 83.63 -0.368452835917411 5.7084382861924
-0.000923831737202008 93.41 -0.511857697034553 5.73947131706471
0.00226324796877897 93.75 -0.590920585219509 5.80483371872593
-0.00166125662702399 97.81 -0.59141574544043 5.82600010738045
-0.00575538917378537 100.86 -0.554674365062558 5.83393315912125
0.00405675892813839 103.73 -0.659734021145452 5.81024238575733
0.00620225250538908 102.06 -0.582275047707888 5.79240366630973
-0.00270103204567462 116.97 -0.541305219961335 5.76205138278018
0.000513967855191311 128.46 -0.473356974851375 5.73204593992906
-0.00536493664102267 138.88 -0.459448115306219 5.76268011590369
-0.00324904871112075 128.46 -0.40353928187198 5.76800844695547
0.0107334647756154 141.43 -0.324238598329067 5.76894580056261
-0.0125663762151795 150.62 -0.360082430042255 5.76832099579377
0.00491475516707318 167.9 -0.306550661725165 5.78074351579233
0.0162691536745498 187.31 -0.226507534400609 5.7798171609322
-0.00719800325496323 187.82 -0.149967366624263 5.78597671228219
0.00552182089890962 180.94 -0.180360836815675 5.76707021389212
-0.00283678428907308 148.97 -0.164638821941647 5.74684196411665
0.00127099349303528 144.68 -0.136975375220038 5.73850591071459
0.00296031708719013 160.44 -0.0368582084956637 5.70611308999448
-0.00748179595138687 163.12 0.0378216617246177 5.7031155856685
0.00408087955646685 189.59 0.138951854454582 5.71932768599166
0.00028475414479523 183.03 0.208234156650818 5.6944053128436
0.0100731367423599 168.82 0.213323510231973 5.6479173418148
-0.0144911305555393 150.31 0.0758217964465148 5.65529226549577
-0.013461579156985 110.65 -0.0679747148271109 5.71009583671279
0.0133837052018499 10.46 -0.367213975578385 5.738827816399
-0.00210462328489314 -66.78 -0.715914638859918 5.77112954811581
-0.0104055591614518 -75.52 -1.02944138182592 5.78904231860702
-0.0145895621156011 -55.88 -0.997449428977625 5.80332610499246
0.00536955078333712 13.57 -0.95545428970754 5.82274999372024
-0.00227866777013475 21.36 -0.778910489727299 5.81323460821728
0.00390546301049888 4.86 -0.704100985733704 5.79727281774354
-0.00548077250876311 47.47 -0.570150903217003 5.84470316571258
0.00181005139636348 87.7 -0.422179149587046 5.82658990391775
0.0131199843686662 75.05 -0.466716539488253 5.77299754367767
-0.00737740920820507 52.4 -0.39963879812789 5.83305481036034
0.00598420201774097 39.09 -0.408050774461841 5.83539536145809
0.00619160533640795 54.49 -0.347896461728612 5.86505062225232
0.00167265945840533 90.45 -0.319282712931341 5.86334704432754
-0.00410005139726444 80.73 -0.343329971468435 5.86448308534719
0.00248087396303553 68.83 -0.311486176252237 5.83246881561752
0.00424161841450932 52.29 -0.328545199992873 5.80211837537706
0.00330892289829521 70.45 -0.288472303318039 5.80453237775634
-0.00331497453367113 65.35 -0.247114735151256 5.80784214458098
-0.000270747290398887 88.78 -0.364206050025204 5.8171111599632
-0.00492252655629066 67.25 -0.353162147997611 5.82481946969903
0.00337262485316892 19.19 -0.336293722375015 5.81740873473106
-0.00169818360558516 43.37 -0.334347818576878 5.83714718672362
0.00418819038950424 54.53 -0.34100710017194 5.86050128258917
0.00449200127846794 53.39 -0.294489183014667 5.89247259790103
0.00437614382856744 38.44 -0.258499486969373 5.91754886415781
0.00121182760020488 24.86 -0.193965732220178 5.89164421182577
0.0100860693289793 -12.43 -0.173876857688395 5.84557134692758
-0.00575995674962471 -29.67 -0.134517028471673 5.83627165770228
-0.0139796185449406 -6.57 -0.0259619185713982 5.82422862773207
-0.00208030786650504 -17.46 0.0677401488750452 5.80994267048459
-0.00852144155977008 -16.92 0.018944762361435 5.82717935280013
0.0106595113376038 -10.94 -0.00542839764756622 5.84093231280344
0.005283438279438 -15.88 -0.00274504899003718 5.84035091743822
0.00614847984008371 -14.47 -0.0736475703697881 5.87014401187143
-0.00826737082448403 13.77 -0.0553211341339792 5.87042621873093
0.00768846400434242 25.75 -0.046736782555419 5.84961292286774
0.0129494845541451 13.58 0.00561329172387072 5.8673175543651
0.0046658431632256 15.53 -0.00536261384948071 5.84845985269098
0.00221477851762764 -43.24 -0.0200774719224506 5.85335124497835
0.00289490206116305 -82.45 0.00432066408976765 5.84180377255358
-0.00140055180579246 -62.4 0.0288878598062001 5.83305481036034
0.00411469663016462 -45.16 0.00481700049842867 5.84383423010396
-0.0090810865974067 -37.17 -0.0429813812958127 5.86561783724201
-0.0026714350977084 -53.03 -0.155661548552441 5.88304379815356
0.00332652119543297 -40.94 -0.147201575656032 5.8519150821579
-0.000266791571648994 -74.17 -0.110362976278453 5.87042621873093
-0.00752422390234209 -81.81 -0.0670396261805395 5.87745563049611
0.00803161558040522 -52.12 -0.0786111520679547 5.93091804723995
0.00696102990445269 -44.48 -0.105577011034104 5.96048974280855
-0.00152315678352366 -62.32 -0.151039303882055 5.95246380975825
-0.00736311910529786 -72.82 -0.109067628259125 5.95246380975825
-0.00279254480378377 -76.58 -0.101091171084365 5.92050545816749
0.00270604595834634 -59.92 -0.0994853245764869 5.91889385427315
0.00555148108179893 -59.78 -0.124600730690271 5.90126627918983
-0.00175884997852549 -62.28 -0.103983029287883 5.91215074038826
0.000705578832610243 -52.39 -0.119955100135267 5.93118361622305
0.00669239102990282 -34.67 -0.0777229348250244 5.88721452573418
-0.00318233096477272 -37.91 -0.0548289672068916 5.90481674038231
-0.00612230399929636 5.69 -0.0616589806481641 5.92372089502146
0.00364820607696004 17.19 -0.118335622118344 5.95402225163211
0.00392057121273481 -1.73 -0.199710165485251 5.99071426571728
0.00550247815033522 31.62 -0.200029488999737 5.99246404744107
0.00286508229509863 -7.61 -0.21199155258747 5.95687310233836
0.00627494560346342 -33.15 -0.144284658783974 5.91350300563827
-0.00825832272012939 -6.79 -0.135663653927408 5.89605436230332
-0.0026468054240727 -41.86 -0.13546915229875 5.90862626879898
0.00222254479620076 -47.18 -0.125827241135937 5.94227430291721
0.00389262538604385 -55.54 -0.109031060008672 5.92425579741453
0.00325935918149334 -69.1 -0.125331319429569 5.8913679305697
0.00425677806974711 -52.54 -0.182693149227289 5.91188006776514
0.00933680375447388 -34.31 -0.22493733199492 5.92157841964382
0.0123487791124077 -36.08 -0.301812342321881 5.94646718117725
-0.00295379067668655 -16.66 -0.407102722632676 5.96896328176147
0.0108486608412584 -54.34 -0.663315301461693 5.99446005608778
-0.0092132467864321 -76.19 -0.905403879474479 5.99346254977065
-0.00145362481057276 -105.87 -0.854833196515942 6.0134706273706
0.0116194429531706 -99.42 -0.856676056264735 6.11368217983223
-0.00491525051740993 -96.72 -0.768626306402213 6.1165541579468
-0.000747472160968599 -95.93 -0.663869050976223 6.14461472660166
0.0056026651640213 -80.26 -0.642920695002752 6.1205171750226
0.00632056636201561 -46.94 -0.760888818098461 6.07050675444794
-0.00319273943900811 -37.92 -0.953638127913143 6.09085729098602
-0.00136850050750148 -55.68 -1.00142810206389 6.12665081966305
-0.000563427847646736 -67.01 -0.98052808346773 6.15038952609554
0.00826464648765146 -97.85 -1.0552627392186 6.18022367156036
0.00218895756856163 -109.04 -1.2176851145347 6.18970046271601
-0.00088938535871641 -138.39 -1.40511245491664 6.19379295870827
-0.0092361925235469 -161.1 -1.43407599703352 6.17565934828362
-0.00142259522431054 -139.01 -1.24716232654564 6.18949539760712
-0.00968267506805631 -93.18 -1.14345631210897 6.19501744865719
-0.00993686841341557 -91.22 -1.01591395966934 6.20919346572069
0.00894121868100228 -93.29 -0.942187175951297 6.19949446061214
0.00943892825654125 -77.91 -1.00361177643739 6.17898092077904
-0.00710740058184278 -82.93 -1.01198970904368 6.22910254457264
0.0045711526615726 -62.31 -1.02313886295024 6.24746243529314
0.0142844125423256 -57.57 -0.934315508900637 6.17628298410052
0.0120892828257393 -36.49 -1.00391227355264 6.19481347109401
-0.00669905476747523 -38.67 -0.895157692575007 6.19154415882364
-0.0121078863187947 -53.49 -0.869667009797137 6.19501744865719
-0.00151267312738668 -71.25 -0.845410818067076 6.17149180734856
-0.0061556699524381 -30.3 -0.904391720855673 6.17524337489991
-0.00633135489302994 -23.44 -0.88562449212925 6.20859002609663
0.00985438435435704 -45.95 -0.890342393677056 6.21400791835016
0.00309583861987761 -58.19 -0.960728337988942 6.19154415882364
0.00579093632020289 -52.86 -0.944612228020498 6.16730682530418
-0.00528053294447695 -29.95 -0.88651548705899 6.1804306466206
0.0016950391379833 -12.55 -0.833680852854166 6.21540777859276
0.00266067954151339 -3.97 -0.815998371711735 6.23480280570771
0.00562036554921619 -6.14 -0.727606439328726 6.23499878806993
-0.00438036608643699 4.56 -0.709664695373785 6.18764791683941
0.00589350311442693 -22.19 -0.675150416268223 6.11941791141844
0.00286524403036914 -32.22 -0.70637849086315 6.0728140928043
-0.00103202994466578 -29.49 -0.727642636562283 6.04595273239205
-0.00326343362776171 -31.77 -0.65533144338812 6.03260649043916
-0.00101889850670744 -18.27 -0.584400726263542 6.06262174142431
0.00202202099363369 -13.73 -0.5712857444919 6.06005733857359
0.00867196055713926 6.28 -0.575063805224909 6.02900115063671
0.00495870506927609 9.84 -0.594109621343773 6.0586557966483
0.00175473394469705 -6.9 -0.577709574391097 6.09559931183999
0.0103499139233669 -0.41 -0.56383673673923 6.1383747924226
0.00423781175302018 -26.11 -0.783182778998132 6.16457716481663
-0.00553062615848354 -14.68 -1.02369351582189 6.19113474223655
-0.0201179792005544 -37.22 -0.873210187273523 6.175451383221
-0.000334437392270459 -89.82 -0.745344540213083 6.15145528341692
-0.00348822872603982 -82.23 -0.67302140979259 6.13534841743656
-0.00101955917834573 -69.62 -0.60911230377726 6.11963786083096
-0.00534278956753376 -40.2 -0.615338488249979 6.16604790780681
-0.000467791658762096 -27.49 -0.726664181574641 6.17586727010576
-0.00492414580356026 19 -0.711583565414402 6.15485809401642
0.013273290658379 24.89 -0.778321507553251 6.14289725086819
-0.020486185729327 37.81 -0.746144070117051 6.15485809401642
0.0230874353727373 16.59 -0.800343308393118 6.17898092077904
0.0100438102405409 -8.74 -0.788023692318841 6.19338446197056
0.00190952088144947 -11.58 -0.762745767127944 6.19318015100857
-0.00820880228621235 -79.41 -0.818508056723364 6.14654336750806
-0.00971952253876118 -121.2 -0.947145104992943 6.12643240751847
0.00141135301268314 -94.06 -1.45111351721789 6.18744243034942
0.00351089268203886 -83.12 -1.97526486304302 6.27363143887165
-0.144904438328373 -113.46 -1.67598878575661 6.33221334049646
-0.0180121842690486 -28.61 -1.20960266566818 6.30151947041149
0.0207854776539289 6.47 -1.13009888328742 6.17378610390194
0.0149973725783354 -1.17 -1.07483028723239 6.18105131489335
-0.00207609662029107 -8.45 -1.15181909667488 6.19624044106401
0.00791915319732439 6.09 -1.17709766364394 6.22317132908268
0.0243346080051197 -26.34 -1.14454244036399 6.21580737899767
0.00984685267935603 -21.33 -1.00209005275603 6.219197550756
0.00481706324965714 7.34 -0.9145530940233 6.18682571740974
-0.0257256738043221 -2.86 -0.801934209961841 6.12555828158868
0.0251583017918637 26.49 -0.735241466977784 6.11787690946242
-0.00643361604411297 46.4 -0.724701951460618 6.13426534573965
0.00661741444020514 63.97 -0.684346856585844 6.13296410938168
0.00670186507815806 62.16 -0.616736194331385 6.13209567684773
0.0166433803890165 70.24 -0.606228151811255 6.08904487544685
-0.00527492209804414 85.55 -0.670923119697859 6.10031895202006
0.00517690400197068 99.49 -0.622668022890421 6.10880303952522
0.0170446292639141 110.42 -0.54013204880101 6.1318784508232
0.0110662535698243 54.72 -0.539616658219058 6.15464575724951
-0.0057981166725547 56.04 -0.662689786491068 6.15081596533441
0.00226532012030134 8.08 -0.548824767273838 6.12577688471558
0.0157397811839566 11.66 -0.42432068100718 6.08563771712523
-0.000855009699414211 40.28 -0.260737676091094 6.05044075220828
-0.00955055376648772 29.63 -0.280930632588463 6.03164633674081
-0.00628758347164116 57.05 -0.233429972994251 5.99196442214963
0.00314823182024604 35.08 -0.215948426212253 5.98242380245583
0.011358532002987 21.29 -0.332670713050983 6.07488615524705
0.0120076040115755 -17.21 -0.411219261866657 6.1143456764838
0.00663008493731176 -12.29 -0.517095673754281 6.11301824266056
0.00106454610851792 7.23 -0.510879218342118 6.13013894179574
0.00386149657657242 -26.24 -0.573865773188821 6.13448205394291
-0.00749695809287942 -14.9 -0.686435328480552 6.08518255098173
0.00220380271212051 -62.19 -0.700008541984067 6.0730445341004
0.00787533259431328 -94.67 -0.712684094303902 6.12161523157303
-0.000511914219334386 -18.35 -0.729736092800985 6.14289725086819
-0.00705216725312674 -13.74 -0.640477438207496 6.0915361008322
-0.00939394036985242 -18.14 -0.713329366610517 6.08768340484852
0.00729998555441114 -45.13 -0.722639632442055 6.0910836121367
-0.00890969629675276 -49.09 -0.651593329474439 6.06981351351896
-0.0057630161904374 -39.37 -0.576116489749674 6.08881809236389
0.0118313722789107 -20.44 -0.508312691625398 6.0897249162755
0.00431963742092023 8.98 -0.555368485367715 6.10613162208611
0.00988129545186744 7.01 -0.641901268622605 6.10924758276437
0.00361771179264458 39.62 -0.759416446265498 6.13621403099418
-0.0168516535800425 -5.64 -0.745514807432007 6.10300592184089
0.0084253383109445 20.79 -0.698401354825655 6.05020504213058
0.00528563936753201 26.23 -0.661956423392459 6.05208916892442
-0.00659168052615478 0.64 -0.588885161533212 6.04405699722715
-0.00853526052690334 9.82 -0.63335550651896 6.08927160711089
-0.00365407146528085 11.41 -0.627599020153939 6.08221891037645
0.00343905613772577 11.59 -0.617880230188397 6.05959037615558
0.00271397386819849 0.09 -0.68449515479618 6.06842558824411
-0.0132447954790749 13.57 -0.756954779021599 6.07027572753227
0.014282237034573 -2.93 -0.740713516599549 6.11257537285704
0.00261432231447678 -10.97 -0.7696603045869 6.13448205394291
0.00494808611063924 -44.9 -0.785974505603438 6.11522965444191
-0.00327742629398386 -61.9 -0.726745213478703 6.09874821232766
0.00350550915088021 -66.12 -0.750731381508103 6.06842558824411
0.0133639633582678 -11.81 -0.802012605316843 6.03954017033954
-0.00657451586863722 -23.55 -0.866362207352962 6.02731420000168
0.00101933275865207 -25.02 -0.893830179045354 6.05020504213058
0.0129621292512851 -2.32 -0.810858152248836 6.03020437542391
0.00517443255502492 5.24 -0.797498304075273 6.00438077237453
0.00551669399516541 14.52 -0.844644648029587 6.09765666688723
0.0085994815010455 20.39 -0.861582579993262 6.13079161232908
