-0.00470706497644358 35.84 -0.519905210349548 5.69642212024991
0.00636659845485887 43.69 -0.576565163448786 5.72227705729237
0.001650228144495 49.86 -0.531625977082398 5.71965582381249
-0.00982180265823906 44.23 -0.415849184130267 5.68765309272632
-0.00453617834552666 43.17 -0.387601472558235 5.70711026474888
0.00565442986849796 53.79 -0.399444196986926 5.71867108714995
0.0133668598561485 64.94 -0.341116113223377 5.78659058584352
-0.0130637794585837 83.63 -0.368452835917411 5.78166901331327
-0.000923831737202008 93.41 -0.511857697034553 5.79209855570477
0.00226324796877897 93.75 -0.590920585219509 5.78659058584352
-0.00166125662702399 97.81 -0.59141574544043 5.76675727381759
-0.00575538917378537 100.86 -0.554674365062558 5.74779936007298
0.00405675892813839 103.73 -0.659734021145452 5.738827816399
0.00620225250538908 102.06 -0.582275047707888 5.77796187283045
-0.00270103204567462 116.97 -0.541305219961335 5.7655045332842
0.000513967855191311 128.46 -0.473356974851375 5.7310733348921
-0.00536493664102267 138.88 -0.459448115306219 5.73204593992906
-0.00324904871112075 128.46 -0.40353928187198 5.76800844695547
0.0107334647756154 141.43 -0.324238598329067 5.81323460821728
-0.0125663762151795 150.62 -0.360082430042255 5.82747394699875
0.00491475516707318 167.9 -0.306550661725165 5.81054201122774
0.0162691536745498 187.31 -0.226507534400609 5.81024238575733
-0.00719800325496323 187.82 -0.149967366624263 5.73560408697916
0.00552182089890962 180.94 -0.180360836815675 5.70578047731887
-0.00283678428907308 148.97 -0.164638821941647 5.68595788974365
0.00127099349303528 144.68 -0.136975375220038 5.72456501383873
0.00296031708719013 160.44 -0.0368582084956637 5.71009583671279
-0.00748179595138687 163.12 0.0378216617246177 5.68459965523943
0.00408087955646685 189.59 0.138951854454582 5.68391984555995
0.00028475414479523 183.03 0.208234156650818 5.70511491988998
0.0100731367423599 168.82 0.213323510231973 5.72063959172262
-0.0144911305555393 150.31 0.0758217964465148 5.74907446384791
-0.013461579156985 110.65 -0.0679747148271109 5.76925805661511
0.0133837052018499 10.46 -0.367213975578385 5.74075707744756
-0.00210462328489314 -66.78 -0.715914638859918 5.74172031399659
-0.0104055591614518 -75.52 -1.02944138182592 5.73463493813897
-0.0145895621156011 -55.88 -0.997449428977625 5.74875584029893
0.00536955078333712 13.57 -0.95545428970754 5.80513496891649
-0.00227866777013475 21.36 -0.778910489727299 5.81203879342605
0.00390546301049888 4.86 -0.704100985733704 5.77703293639579
-0.00548077250876311 47.47 -0.570150903217003 5.81054201122774
0.00181005139636348 87.7 -0.422179149587046 5.79818315007769
0.0131199843686662 75.05 -0.466716539488253 5.8206762261277
-0.00737740920820507 52.4 -0.39963879812789 5.87296250302698
0.00598420201774097 39.09 -0.408050774461841 5.85105239339124
0.00619160533640795 54.49 -0.347896461728612 5.84845985269098
0.00167265945840533 90.45 -0.319282712931341 5.8111409929767
-0.00410005139726444 80.73 -0.343329971468435 5.80483371872593
0.00248087396303553 68.83 -0.311486176252237 5.78689738136671
0.00424161841450932 52.29 -0.328545199992873 5.79118266493703
0.00330892289829521 70.45 -0.288472303318039 5.8027224225111
-0.00331497453367113 65.35 -0.247114735151256 5.79179335197891
-0.000270747290398887 88.78 -0.364206050025204 5.80362780962592
-0.00492252655629066 67.25 -0.353162147997611 5.82008293035236
0.00337262485316892 19.19 -0.336293722375015 5.85707564406933
-0.00169818360558516 43.37 -0.334347818576878 5.88109148962661
0.00418819038950424 54.53 -0.34100710017194 5.88693701775405
0.00449200127846794 53.39 -0.294489183014667 5.8735252492433
0.00437614382856744 38.44 -0.258499486969373 5.85850441985175
0.00121182760020488 24.86 -0.193965732220178 5.83129579495516
0.0100860693289793 -12.43 -0.173876857688395 5.80423094595301
-0.00575995674962471 -29.67 -0.134517028471673 5.82570507861301
-0.0139796185449406 -6.57 -0.0259619185713982 5.82215792739152
-0.00208030786650504 -17.46 0.0677401488750452 5.76047781833275
-0.00852144155977008 -16.92 0.018944762361435 5.7984864101255
0.0106595113376038 -10.94 -0.00542839764756622 5.83743885946887
0.005283438279438 -15.88 -0.00274504899003718 5.89467827842029
0.00614847984008371 -14.47 -0.0736475703697881 5.91188006776514
-0.00826737082448403 13.77 -0.0553211341339792 5.88276513018464
0.00768846400434242 25.75 -0.046736782555419 5.83831336761381
0.0129494845541451 13.58 0.00561329172387072 5.81919232616703
0.0046658431632256 15.53 -0.00536261384948071 5.81144034936271
0.00221477851762764 -43.24 -0.0200774719224506 5.82156551031258
0.00289490206116305 -82.45 0.00432066408976765 5.83276185591266
-0.00140055180579246 -62.4 0.0288878598062001 5.82452409235233
0.00411469663016462 -45.16 0.00481700049842867 5.80030404164682
-0.0090810865974067 -37.17 -0.0429813812958127 5.84209409045371
-0.0026714350977084 -53.03 -0.155661548552441 5.8805329864007
0.00332652119543297 -40.94 -0.147201575656032 5.91323269883841
-0.000266791571648994 -74.17 -0.110362976278453 5.92398838198307
-0.00752422390234209 -81.81 -0.0670396261805395 5.91106761003595
0.00803161558040522 -52.12 -0.0786111520679547 5.91458350277202
0.00696102990445269 -44.48 -0.105577011034104 5.9113385026287
-0.00152315678352366 -62.32 -0.151039303882055 5.90699539048153
-0.00736311910529786 -72.82 -0.109067628259125 5.90835464038498
-0.00279254480378377 -76.58 -0.101091171084365 5.90399852132671
0.00270604595834634 -59.92 -0.0994853245764869 5.90044514872081
0.00555148108179893 -59.78 -0.124600730690271 5.86448308534719
-0.00175884997852549 -62.28 -0.103983029287883 5.90481674038231
0.000705578832610243 -52.39 -0.119955100135267 5.94174895486205
0.00669239102990282 -34.67 -0.0777229348250244 5.96947452921637
-0.00318233096477272 -37.91 -0.0548289672068916 5.97482690595496
-0.00612230399929636 5.69 -0.0616589806481641 5.96563378707346
0.00364820607696004 17.19 -0.118335622118344 5.95480056273639
0.00392057121273481 -1.73 -0.199710165485251 5.93806377038087
0.00550247815033522 31.62 -0.200029488999737 5.93674433490775
0.00286508229509863 -7.61 -0.21199155258747 5.92745921713207
0.00627494560346342 -33.15 -0.144284658783974 5.93065240771122
-0.00825832272012939 -6.79 -0.135663653927408 5.92184648022711
-0.0026468054240727 -41.86 -0.13546915229875 5.88860091164874
0.00222254479620076 -47.18 -0.125827241135937 5.92879095257992
0.00389262538604385 -55.54 -0.109031060008672 5.93357056868908
0.00325935918149334 -69.1 -0.125331319429569 5.96691567418657
0.00425677806974711 -52.54 -0.182693149227289 5.97330057648031
0.00933680375447388 -34.31 -0.22493733199492 5.96177823673762
0.0123487791124077 -36.08 -0.301812342321881 5.93990806019358
-0.00295379067668655 -16.66 -0.407102722632676 5.9597158487934
0.0108486608412584 -54.34 -0.663315301461693 5.93859105750091
-0.0092132467864321 -76.19 -0.905403879474479 5.95376267992397
-0.00145362481057276 -105.87 -0.854833196515942 6.00733789626427
0.0116194429531706 -99.42 -0.856676056264735 6.10835829857948
-0.00491525051740993 -96.72 -0.768626306402213 6.07350525744419
-0.000747472160968599 -95.93 -0.663869050976223 6.10635451298194
0.0056026651640213 -80.26 -0.642920695002752 6.10456999321325
0.00632056636201561 -46.94 -0.760888818098461 6.12095654234074
-0.00319273943900811 -37.92 -0.953638127913143 6.12970359133175
-0.00136850050750148 -55.68 -1.00142810206389 6.15379595902543
-0.000563427847646736 -67.01 -0.98052808346773 6.12970359133175
0.00826464648765146 -97.85 -1.0552627392186 6.11963786083096
0.00218895756856163 -109.04 -1.2176851145347 6.12139571670001
-0.00088938535871641 -138.39 -1.40511245491664 6.14568665295577
-0.0092361925235469 -161.1 -1.43407599703352 6.16226161804998
-0.00142259522431054 -139.01 -1.24716232654564 6.18867471639569
-0.00968267506805631 -93.18 -1.14345631210897 6.16940150558411
-0.00993686841341557 -91.22 -1.01591395966934 6.19236248947487
0.00894121868100228 -93.29 -0.942187175951297 6.20334490614348
0.00943892825654125 -77.91 -1.00361177643739 6.22594360808594
-0.00710740058184278 -82.93 -1.01198970904368 6.25766758788264
0.0045711526615726 -62.31 -1.02313886295024 6.25498199256046
0.0142844125423256 -57.57 -0.934315508900637 6.14761322959791
0.0120892828257393 -36.49 -1.00391227355264 6.1249021853377
-0.00669905476747523 -38.67 -0.895157692575007 6.11677473807343
-0.0121078863187947 -53.49 -0.869667009797137 6.14332689641723
-0.00151267312738668 -71.25 -0.845410818067076 6.16541785423142
-0.0061556699524381 -30.3 -0.904391720855673 6.17190934388908
-0.00633135489302994 -23.44 -0.88562449212925 6.18682571740974
0.00985438435435704 -45.95 -0.890342393677056 6.20172547259118
0.00309583861987761 -58.19 -0.960728337988942 6.21060007702465
0.00579093632020289 -52.86 -0.944612228020498 6.24027584517077
-0.00528053294447695 -29.95 -0.88651548705899 6.24900952513952
0.0016950391379833 -12.55 -0.833680852854166 6.26225475188954
0.00266067954151339 -3.97 -0.815998371711735 6.23676090306332
0.00562036554921619 -6.14 -0.727606439328726 6.19725846008708
-0.00438036608643699 4.56 -0.709664695373785 6.1390221114656
0.00589350311442693 -22.19 -0.675150416268223 6.07810085376753
0.00286524403036914 -32.22 -0.70637849086315 6.08541015995051
-0.00103202994466578 -29.49 -0.727642636562283 6.07787157484872
-0.00326343362776171 -31.77 -0.65533144338812 6.04049277817534
-0.00101889850670744 -18.27 -0.584400726263542 6.0728140928043
0.00202202099363369 -13.73 -0.5712857444919 6.10880303952522
0.00867196055713926 6.28 -0.575063805224909 6.14397101882275
0.00495870506927609 9.84 -0.594109621343773 6.15634319029022
0.00175473394469705 -6.9 -0.577709574391097 6.16730682530418
0.0103499139233669 -0.41 -0.56383673673923 6.1459009004124
0.00423781175302018 -26.11 -0.783182778998132 6.13643031735817
-0.00553062615848354 -14.68 -1.02369351582189 6.14332689641723
-0.0201179792005544 -37.22 -0.873210187273523 6.15358339658442
-0.000334437392270459 -89.82 -0.745344540213083 6.18022367156036
-0.00348822872603982 -82.23 -0.67302140979259 6.17565934828362
-0.00101955917834573 -69.62 -0.60911230377726 6.1452580202874
-0.00534278956753376 -40.2 -0.615338488249979 6.16898292039592
-0.000467791658762096 -27.49 -0.726664181574641 6.19501744865719
-0.00492414580356026 19 -0.711583565414402 6.21640648036357
0.013273290658379 24.89 -0.778321507553251 6.20516363959419
-0.020486185729327 37.81 -0.746144070117051 6.20294029355451
0.0230874353727373 16.59 -0.800343308393118 6.17441090867078
0.0100438102405409 -8.74 -0.788023692318841 6.15570699050203
0.00190952088144947 -11.58 -0.762745767127944 6.12117615362964
-0.00820880228621235 -79.41 -0.818508056723364 6.11897786740694
-0.00971952253876118 -121.2 -0.947145104992943 6.14868194830602
0.00141135301268314 -94.06 -1.45111351721789 6.20192804526482
0.00351089268203886 -83.12 -1.97526486304302 6.25805065626503
-0.144904438328373 -113.46 -1.67598878575661 6.28301413108625
-0.0180121842690486 -28.61 -1.20960266566818 6.28301413108625
0.0207854776539289 6.47 -1.13009888328742 6.22019247671609
0.0149973725783354 -1.17 -1.07483028723239 6.22851100359118
-0.00207609662029107 -8.45 -1.15181909667488 6.22297301475382
0.00791915319732439 6.09 -1.17709766364394 6.19379295870827
0.0243346080051197 -26.34 -1.14454244036399 6.1542209484071
0.00984685267935603 -21.33 -1.00209005275603 6.14117682033631
0.00481706324965714 7.34 -0.9145530940233 6.13448205394291
-0.0257256738043221 -2.86 -0.801934209961841 6.13166117760127
0.0251583017918637 26.49 -0.735241466977784 6.14418563412565
-0.00643361604411297 46.4 -0.724701951460618 6.12970359133175
0.00661741444020514 63.97 -0.684346856585844 6.12205411681158
0.00670186507815806 62.16 -0.616736194331385 6.13274707194187
0.0166433803890165 70.24 -0.606228151811255 6.14761322959791
-0.00527492209804414 85.55 -0.670923119697859 6.16688736221078
0.00517690400197068 99.49 -0.622668022890421 6.16205084768352
0.0170446292639141 110.42 -0.54013204880101 6.13988455222626
0.0110662535698243 54.72 -0.539616658219058 6.10902533584713
-0.0057981166725547 56.04 -0.662689786491068 6.08039075630238
0.00226532012030134 8.08 -0.548824767273838 6.07649479629256
0.0157397811839566 11.66 -0.42432068100718 6.09334401092915
-0.000855009699414211 40.28 -0.260737676091094 6.09244046444798
-0.00955055376648772 29.63 -0.280930632588463 6.05326494801343
-0.00628758347164116 57.05 -0.233429972994251 5.99769509685862
0.00314823182024604 35.08 -0.215948426212253 6.01151224241176
0.011358532002987 21.29 -0.332670713050983 6.15400847629326
0.0120076040115755 -17.21 -0.411219261866657 6.18600284141186
0.00663008493731176 -12.29 -0.517095673754281 6.15888394964983
0.00106454610851792 7.23 -0.510879218342118 6.10680014578789
0.00386149657657242 -26.24 -0.573865773188821 6.0730445341004
-0.00749695809287942 -14.9 -0.686435328480552 6.01591322751029
0.00220380271212051 -62.19 -0.700008541984067 6.04001658769015
0.00787533259431328 -94.67 -0.712684094303902 6.13469871519389
-0.000511914219334386 -18.35 -0.729736092800985 6.18125811874064
-0.00705216725312674 -13.74 -0.640477438207496 6.11699526955519
-0.00939394036985242 -18.14 -0.713329366610517 6.0971750015301
0.00729998555441114 -45.13 -0.722639632442055 6.10902533584713
-0.00890969629675276 -49.09 -0.651593329474439 6.13100907454588
-0.0057630161904374 -39.37 -0.576116489749674 6.14504363503628
0.0118313722789107 -20.44 -0.508312691625398 6.12774216540053
0.00431963742092023 8.98 -0.555368485367715 6.08290360742476
0.00988129545186744 7.01 -0.641901268622605 6.05396975245938
0.00361771179264458 39.62 -0.759416446265498 6.06564394528223
-0.0168516535800425 -5.64 -0.745514807432007 6.06634008175309
0.0084253383109445 20.79 -0.698401354825655 6.06749923338398
0.00528563936753201 26.23 -0.661956423392459 6.08904487544685
-0.00659168052615478 0.64 -0.588885161533212 6.05888952342277
-0.00853526052690334 9.82 -0.63335550651896 6.09650000994186
-0.00365407146528085 11.41 -0.627599020153939 6.097849537812
0.00343905613772577 11.59 -0.617880230188397 6.11853762967146
0.00271397386819849 0.09 -0.68449515479618 6.11875777276536
-0.0132447954790749 13.57 -0.756954779021599 6.09650000994186
0.014282237034573 -2.93 -0.740713516599549 6.09739989751665
0.00261432231447678 -10.97 -0.7696603045869 6.08176218508876
0.00494808611063924 -44.9 -0.785974505603438 6.04049277817534
-0.00327742629398386 -61.9 -0.726745213478703 6.04263283368238
0.00350550915088021 -66.12 -0.750731381508103 6.06796251808071
0.0133639633582678 -11.81 -0.802012605316843 6.06773090256143
-0.00657451586863722 -23.55 -0.866362207352962 6.04025471127741
0.00101933275865207 -25.02 -0.893830179045354 6.0492616458342
0.0129621292512851 -2.32 -0.810858152248836 6.05067640673983
0.00517443255502492 5.24 -0.797498304075273 6.06215597523051
0.00551669399516541 14.52 -0.844644648029587 6.1557235368225
0.0085994815010455 20.39 -0.861582579993262 6.16184003288354
