0.0218138780546848	105.35	-0.832925897514453
0.00841887270564534	88.41	-0.582553002074924
0.00769248259891242	98	-0.57082775160986
0.0129534348539284	86.03	-0.577869994383903
0.00295483172266486	103.79	-0.564900460820994
-0.00737713290705955	82.12	-0.57002954494538
-0.0194104990458772	61.82	-0.600156465578871
-0.0265853737723827	58.45	-0.617758420092672
0.00987703071880475	60.2	-0.643589263643224
0.00313143154643036	61.36	-0.658672230239498
0.00136238565681523	58.78	-0.661219489320051
-0.00897128660221824	21.61	-0.646076013886394
-0.0406724220986892	-0.95	-0.65766119175954
-0.0194943955217575	-9.89	-0.64169134019381
-0.00159635597589336	-26.7	-0.628015712579798
-0.00743119815232696	-41.45	-0.633303503726582
0.00460212117785552	-44.11	-0.63443460960112
0.0249684962835595	-36.97	-0.577730380261724
0.0259769523016988	-41.95	-0.595549675487675
0.0213284103744122	-45.66	-0.58368743632663
0.0308548250935612	-34.45	-0.605887132405564
-0.0990729117002846	-34.04	-0.568154168653523
0.0344838673240684	-24.14	-0.54982293328405
0.0135192707758698	-35.76	-0.570644169509452
-0.0146290757334171	-46.07	-0.684031531406248
0.0265944474224469	-50.32	-0.686575862912895
0.0246546173531819	-32.59	-0.669684963572106
-0.018442849868558	-29	-0.680391035086368
0.0042709865459738	-19.41	-0.684232092926753
0.032298284297541	-16.28	-0.684330609577086
0.00600476231600133	-21.59	-0.687384494142117
0.00706139013214724	-24.07	-0.687466125428041
0.0154265925261843	-24.8	-0.700821075760167
0.0301736523481395	-20.89	-0.7045320887816
0.00929579980144624	-19.46	-0.701331199343468
0.0244224848182935	-35.86	-0.696953930062517
-0.0944412288997807	-49.24	-0.673319372223834
0.06498600427234	-45.15	-0.656224184253038
0.00812859073262118	-45.49	-0.658515508975162
-0.0157919708111809	-43.61	-0.67766160022275
-0.0324896873167564	-35.86	-0.663045419725548
0.0152617508323978	-40.64	-0.667332552895024
-0.0192861779683877	-44.43	-0.685351289698735
0.0141341481335768	-47.14	-0.673789358955197
0.0207669956930179	-47.3	-0.689394631304351
-0.00213244562273651	-33.07	-0.690147149248493
0.0190302586230153	-33.55	-0.693191669645582
0.0200390626225158	-38.12	-0.687804001630424
-0.0949012818587516	-38.59	-0.710598019559222
0.0261604120684176	-38.9	-0.722975783287184
0.00870649074715857	-39.37	-0.718262891940152
0.0150940521489655	-39.98	-0.737854616965178
-0.0171569103643119	-22.88	-0.739590725631167
0.023361410538433	-17.32	-0.745247181796632
-0.00712759007309316	-25.92	-0.756354912345735
0.0133766755423448	-26.36	-0.764515605316911
0.0345215581385308	-14.09	-0.76874995471218
0.00684305965051912	-18.13	-0.770873415810068
0.00234995344725597	-4.11	-0.7693261555721
-0.0218534489386784	-7.11	-0.76175747106311
-0.0253298615127626	-16.39	-0.7337571267931
0.00538879277198667	-10.94	-0.719703877605175
0.019000456949458	6.97	-0.696938278979842
0.0198716610134522	8.95	-0.63803184985583
-0.00323410909834188	28.75	-0.57162251557282
0.00401319156943813	46.04	-0.481253414872523
0.0100102835566407	54.06	-0.398823206259884
-0.00200036293736261	36.97	-0.370546099595253
-0.00382282785788846	43.54	-0.335946502734223
0.00703406363644987	43.46	-0.347040941092497
0.00509473367114843	48.98	-0.2819195721515
-0.00728166175269607	35.17	-0.226081879798032
-0.0181506581654975	34.54	-0.178582325250619
0.00588101669935348	39.9	-0.139052888049639
-0.0171802566410939	41.88	-0.121884725916408
-0.0205864667240725	60.21	-0.12823848920011
-0.0101952998667709	63.37	-0.114797841929076
0.00383747008542379	56.61	-0.120182320575573
-0.0066833267877815	44.5	-0.120523987491279
-0.00273638612033267	53.26	-0.12979219508343
-0.0195041488662113	54.51	-0.137589962077046
-0.0430291285698008	54.39	-0.142158846534409
0.0146908605354206	64.22	-0.139532691868409
0.0240438211891689	67.86	-0.133563071886973
-0.00269467709778048	63.55	-0.0562596545784591
0.00456499898905527	61.37	-0.0615385931576243
0.0111604539862586	49.84	-0.0861844015366074
-0.0172458223678138	45.5	-0.0892050985022809
-0.0141053551886277	35.43	-0.110867470387156
-0.0120681344531572	40.68	-0.141384924548127
-0.0232549588543947	32.34	-0.164600768620581
-0.0171699344440377	14.74	-0.193217222023051
0.0020493203445735	12.67	-0.213596543178704
0.00672812830942426	15.21	-0.217095834128953
-0.0105719715114887	14.24	-0.199593064487885
0.0177464364464086	7.3	-0.209992418236452
-0.00461178016733221	2.72	-0.224645855042485
-0.0117453592684065	-6.62	-0.229508371182186
-0.0342873827788956	2.61	-0.270060296950689
-0.0251697815204128	10.56	-0.310602258665293
0.0164641505345617	7.41	-0.321250858272842
0.0367984238123782	-16.93	-0.302309475244236
-0.00784453904779525	-41.23	-0.317863082600854
-0.00146362388246857	-43.57	-0.334673741911564
-0.00272662715019756	-27.77	-0.332248763457382
0.0318186830455982	-27.2	-0.328794313308031
0.0106859354483078	-24.6	-0.333499943924174
-0.0206947453664235	-19.85	-0.33771325792946
-0.0278261089287817	-17.82	-0.3849020516316
-0.0575487162061279	-12.94	-0.406515921220252
0.0183780067682644	-10.05	-0.486306003598131
0.00438528101877544	-7.36	-0.510443797749124
0.0328125859887365	-7.57	-0.493945359428517
0.0039796306618225	-22.5	-0.471719996703017
0.0331655154105253	-33.76	-0.491946229408054
-0.00280311270582168	-34.8	-0.469542929919757
0.0119276084437114	-31.78	-0.471180365529894
-0.00474301776072572	-28.81	-0.47076547243765
0.00668103182471746	-21.43	-0.49347913341807
-0.0146733089357998	-31.75	-0.489248984249781
0.00213546277048771	-29.89	-0.513340791411659
0	-23.26	-0.514413920425911
-0.00700621653925992	-19.01	-0.515950912601227
0.0108287742569093	-15.03	-0.514319204926421
-0.0100724631741045	-15.67	-0.511113757234468
0.0220666915761836	-24.52	-0.515439424232262
-0.0165317069131277	-29.41	-0.525819547514045
-0.0271005191744269	-28.56	-0.53145981474453
0.006161032298861	-25.41	-0.541965462982995
0.00796415695032238	-24.14	-0.54264775200002
0.00109546322122256	-16.6	-0.546287071601559
-0.00547069710739656	-19.75	-0.573555899664076
-0.0191773796576076	-23.31	-0.594546033072176
0.0277053048528728	-27.64	-0.618562365461745
0.00531395977112581	-25.9	-0.615504348233485
-0.00818563500373237	-20.92	-0.603138994975188
-0.0259374034967674	-24.94	-0.604643979892067
-0.0280370542554778	-34.45	-0.620200763603227
0.0184324498386701	-50.19	-0.647330414191071
-0.00263727954965454	-57.65	-0.647681332525239
0.0361734922732566	-50.1	-0.651413900902818
0.0303761030835012	-37.03	-0.646484902011056
0.00949507703505503	-36.2	-0.638839916961658
0.00394020674332474	-36.05	-0.677547114165349
-0.0146985026275566	-37.81	-0.731262458667776
-0.000288959926882271	-51.76	-1.04904863382503
-0.00978344630907024	-55.4	-1.28537894432311
0.000784020607024871	-61.56	-1.35993359938695
0.0215461462710813	-66.4	-1.36116986427866
0.0139931787151362	-69.36	-1.43724836326046
0.0198191820115845	-80.98	-1.55400833165568
0.012475741892354	-78.31	-1.47058672621399
-0.070279505583013	-54.27	-1.39490002748162
0.0056297119765194	-48.82	-1.40217887739187
0.0153784005480784	-51.14	-1.35215138818475
0.00389258401659021	-60.13	-1.30436321244213
-0.0113989942942894	-46.54	-1.16056540365231
-0.013172887074596	-41.81	-1.13243884734736
-0.0134042623661763	-35.1	-1.1196548787975
0.0108256451602458	-25.2	-1.08825098834036
0.0140195584760363	-19.45	-1.07098614002233
-0.00327362135704945	-30.74	-1.05050817986248
0.0436874503948523	-33.68	-1.0241755354702
0.0124942386175437	-18.8	-1.02544924339744
-0.0103808054087562	-22.34	-1.06853606664296
0.00388604881131371	-17.34	-1.073304628187
-0.00815214851115798	-12.33	-1.09804836637151
0.00123314214995851	-5.14	-1.15298998805086
-0.0149871211295007	2.88	-1.26374470402599
0.00227034830314743	14.13	-1.2667626530651
0.00700724610600645	19.22	-1.31576845595755
0.00610866943651978	11.68	-1.26309318469581
-0.00654518673390214	5.24	-1.24599778118738
-0.00414767703754038	-5.07	-1.27760807030165
0.00533455864581001	-11.43	-1.32737388020127
0.0195197242990606	-9.36	-1.36522977867528
0.00829639940643645	-4.81	-1.40351694586381
0.0264356174486959	-1.9	-1.46563337298173
0.00798154503367066	7.87	-1.49930474791928
0.00376290874777041	11.35	-1.39418782440241
-0.0475205175252444	17.82	-1.2701200097956
-0.00821917724320009	12.25	-1.23849550561297
0.00717403918128667	17.58	-1.17591092053495
0.00754836564453143	17.01	-1.08574131437704
-0.00240177949256726	21.57	-1.11855574628534
0.0014996594494292	3.16	-1.16359081288066
0.00788721193696773	1.08	-1.18225308210008
0.0136921782692223	2.46	-1.22541707952268
0.00228054066063343	3.94	-1.20544136224309
0.00728938650620137	10.65	-1.17291757791528
0.0140144402720459	18.19	-1.17525806770399
-0.0061552722155529	14.61	-1.08819428571362
-0.00510636612690618	16.54	-1.07496731092943
0.00422159881213169	13.1	-1.11512236253412
0.013448809812612	12.55	-1.16319420247561
-0.00595312268526449	2.72	-1.29378969595796
-0.00997392179278478	-6.19	-1.33139666822802
-0.0131665729265986	-15.02	-1.3965279574079
0.00182985711636974	-25	-1.31335499246104
-0.0621204881930009	-15.98	-0.938701532123054
0.0436356115045147	-18.58	-0.737156699962516
0.00624453524473445	-14.56	-0.648251135224759
0.0139341312874226	-9.6	-0.735851258430995
0.00415587594079092	-0.32	-0.906066023789883
-0.00307799478475168	0.31	-1.04622690261044
-0.00525110050378075	10.06	-1.24465461852959
0.00385792682834918	18	-1.28479378611993
-0.0217782880455193	10.55	-1.24578531249235
-0.0033471839322825	14.39	-1.24729848553474
0.00375419814947975	16.57	-1.28234408045936
0.0160294074524572	8.1	-1.26376849456792
-0.012660947579187	2.94	-1.23576228214039
0.0159260390204352	6.05	-1.22330550698334
0.000781373428173637	10.39	-1.18049558200358
0.00376529576097973	10.99	-1.21087436006352
0.0068801366936615	5.55	-1.33330174183481
-0.0176901638121265	2.67	-1.39836945477336
-0.0022783491881313	-10.68	-1.40676680080636
-0.0189701918432341	-18.01	-1.38811727073725
-0.00278752207519339	-21.82	-1.33036636951838
-0.00365661450414123	-14.16	-1.25393600484469
-0.00172707019427776	-22.16	-1.20292399430514
0.00845768428503568	-31.59	-1.21032402115271
0.000216854703671387	-31.54	-1.23759289821427
0.00922399925661566	-32.91	-1.23920191677034
0.0069951183964978	-32.31	-1.23930016944966
-0.00376655702151218	-19.54	-1.29194381582774
0.00197398181912689	-7.74	-1.37602337673773
-0.00488278864912672	-12.36	-1.38782964030877
0.00964396591976602	-10.2	-1.35426235944474
-0.0197288334374974	-2.08	-1.33238245419999
-0.00379944899056461	1.95	-1.30655732879373
-0.00067620445374672	8.04	-1.33472286617178
-0.00525472192117427	4.7	-1.39827910159151
0.00905040629361054	-6.78	-1.46040034537971
-0.00448471918667792	-6.1	-1.47328518429642
0.00785267053664818	-3.93	-1.49533813095323
0.0100302488904536	-7.48	-1.48199690664675
0.00482983068110698	-13.05	-1.58874775973114
-0.00238909837633017	-18.23	-1.70290563161859
0.0265396522582915	-18.71	-1.67387259987488
-0.0113846187471136	-24.79	-1.67892593779792
-0.00194073306381348	-25.42	-1.66017559726404
-0.00372131984743973	-13.19	-1.56265221665445
0.0028483397221617	-0.29	-1.48538636659011
0.00703278933896812	-9.62	-1.40873636099252
-0.0019572106474417	-5.64	-1.38433167718282
-0.0139269200315706	-0.39	-1.43869914741533
0.017363835186389	3.29	-1.48677329233373
0.00923310693617907	19.63	-1.46506790764293
0.000586424630043325	22.47	-1.4561313679214
0.00795616302192315	29.24	-1.50032186746708
-0.00753313808367473	30.33	-1.45473645696422
0.00737516830126417	28.89	-1.41889021375327
-0.00853544502935222	38.71	-1.4208764046251
0.00691298851807076	41.26	-1.34180379735877
-0.00777492082342768	40.83	-1.3512930205193
-0.0067703294481074	29.37	-1.41607928510166
0.016724297546018	27.6	-1.47222320794067
-0.000853317365363537	33.43	-1.47176598518047
0.00427062130477118	29.61	-1.46284749053665
-0.00811885384637989	13.71	-1.4909126124174
0.0119466400828312	10.07	-1.47819431933965
-0.00117272892953046	8.15	-1.42015288562919
0.00274996235140534	3.13	-1.42819394416941
0.00922958207573465	-4.48	-1.41367698511579
-0.00441290487300527	-8.25	-1.3036894332258
-0.00354151313672979	-3.47	-1.23814577251691
-0.006209195895714	-6.28	-1.29846591447179
0.00868381431941323	-16.96	-1.34095584186017
0.0042693651316803	-29.88	-1.32847971459941
-0.00203331089957182	-32.75	-1.28339509401894
0.00391310400139488	-38.19	-1.21559901353724
0.0033199708795717	-28.9	-1.16660950722581
0.00878315167441635	-4.43	-1.19417785857552
0.00866418137377778	-1.99	-1.17228251890894
0.00277971564613999	-3.64	-1.18281687771928
0.00418505319763973	-5.31	-1.28226876185512
-0.00626355379584886	-2.87	-1.36886171547284
0.0132090125426441	-9.15	-1.44142962770174
-0.0103937014469029	-16.58	-1.40184227052334
-0.0137061342455223	-17.07	-1.47059405569393
0.0125050468206727	-11.9	-1.4638049039639
0.0120340729041803	-15.48	-1.43977773187478
0.00330088263423534	-15.33	-1.44840583220998
0.0160828818836265	-13.28	-1.40214209207112
-0.00527341304049678	-20.04	-1.44982343312804
-0.00210732082023846	-20.09	-1.56466572805776
0.0115717392594945	-26.66	-1.67300461643007
0.00822459116709418	-42.5	-1.74609319315791
-0.00218742318645404	-35.47	-1.82251383979291
-0.00633802123240557	-42.39	-1.78636751925704
-0.00918232714350964	-42.77	-1.80456648173257
-0.000703978993557897	-51.68	-1.88841919344651
-0.00500401549767737	-58.32	-1.8960544823747
-0.0182967951211257	-63.28	-1.91562833165902
-0.0025016165075904	-54.43	-1.79747775321255
0.00808663236693619	-42.43	-1.85298843228401
0.013650706263368	-44.95	-1.95125370459161
0.00272326564020098	-57.15	-2.11042062066395
-0.00411744763696476	-62.74	-2.0334307116298
-0.000747487658538049	-58.54	-2.01683687064859
-0.00535349556676579	-43.88	-1.85929066692956
-0.0179648094950817	-48.93	-1.66317104849863
-0.0118063107023971	-34.8	-1.61440525927362
-0.00170683664330618	-41.85	-1.59280340276983
0.00933084684792007	-43.33	-1.47081358865344
0.00208958603858278	-36.57	-1.39286932436519
-0.00325242633581624	-27.69	-1.29599279331392
0.00988625102160512	-12.14	-1.29870376503186
0.00643479034682137	-12.53	-1.2325428741485
-0.0102656390578844	-11.92	-1.18394617001187
0.00274991722787199	-9.99	-1.14902672062808
0.0110690029808325	-8.64	-1.07338397219052
0.00274395842066433	6.04	-1.06799464566741
0.00765930048225449	9.12	-1.19877736347787
0.00599131563248534	5.14	-1.1191276631027
-0.00532741918080859	3.91	-1.03223249465821
0.0108648177618562	5.59	-1.06711498732209
0.00805438974974315	7.05	-1.0389441103554
-0.000888351264109133	11.06	-0.984825348291029
0.0111932759084628	12.33	-1.01476020092312
0.0125514108545399	11.63	-1.00677023240937
-0.0217977021609848	4.78	-1.18381404772408
0.00511722092216615	1.67	-1.21770728941861
-0.00883729669980049	-4.11	-1.20057243610894
0.00793928302924485	-2.45	-1.28288664319435
-0.010393560084351	-6.74	-1.28545829576069
-0.0121518947594392	-6.46	-1.22164149007913
-0.0244178370995538	-11.54	-1.25189184656026
0.0353763567411711	-24.38	-1.30116593625728
0.00168486249604882	-45.05	-1.25774626414331
-0.0102100021463691	-48.91	-1.31614903613266
-0.000579084584034106	-53.57	-1.49557033568253
-0.00193154385112138	-58.25	-1.6504023625605
0.00122601295078972	-56.29	-1.65671171628455
-0.00632453024624624	-49.51	-1.59229664901601
0.00209364673439794	-46.44	-1.52593007985412
-0.009020782590488	-36.18	-1.32821390091817
-0.0133307793466759	-35.34	-1.25960368984199
0.0123256837042156	-39.45	-1.24171762402446
0.000663568654013957	-43.09	-1.283625198015
0.0135681812499477	-43.85	-1.22224458978964
-0.00405852609819135	-42.55	-1.19778183396142
0.000640122720918512	-26.03	-1.14414628877215
0.0208816202722684	-11.69	-1.18965298732862
0.0031190664852474	-4.96	-1.28438836347964
-0.0100929714506393	8.24	-1.16675644094102
0.0394478441986479	9.64	-1.04391374726734
0.0188731150197139	8.07	-0.987625259171541
0.000534194243801522	18.07	-1.08695999027584
-0.0192818589580384	29.57	-1.26048552363892
-0.00266986153523163	37.68	-1.23184511121144
-0.00268962035756282	33.39	-1.15384399659345
0.00652815294147935	35.82	-1.13065025641038
0.0065690857274614	39.75	-1.11550885132731
-0.000566738883795992	47.05	-1.22372637260388
0.0181864190236993	99.81	-1.15995964181585
0.00576665681827038	101.99	-1.15502485013278
0.00820377213097778	110	-1.11636322349013
-0.00646000851916817	122.36	-1.07026440690191
-0.000775220238208973	126.45	-1.05332971610778
0.00732255945716886	120.37	-1.00868327189656
-0.00563010646951057	107.01	-1.0047039602779
0.00595953793020065	84.57	-0.910678375251645
0.0195543959432847	62.93	-0.978929467498685
0.00440762650865345	89.37	-0.909580724766989
-0.0137792391749354	99.33	-0.81528059765378
0.00598369883556238	98.51	-0.794409652108813
0.00959149212582844	107.33	-0.684358563324563
0.000635318890422454	122.69	-0.817569446297927
-0.00487619707669218	126.74	-0.975277880542367
-0.0073284991813658	106.59	-0.877233685837863
0.0108785197608405	107.01	-0.825485184516352
-0.000519065040364808	109.98	-0.688217160355381
0.00735552394377592	106.67	-0.701871444198034
0.00329724558153899	85.71	-0.747948634597734
-0.00817854691629982	57.01	-0.616555795118705
0.00099447198024194	35.19	-0.553928332773524
0.00128392219389895	34.16	-0.454459676999873
-0.0174251985678247	56.9	-0.466090983971954
0.00903441259406002	68.9	-0.528617019771261
0.00924196490386819	61.5	-0.625112674988817
0.00160756835616027	50.2	-0.607655377850362
-0.00470706497644358	35.84	-0.519905210349548
0.00636659845485887	43.69	-0.576565163448786
0.001650228144495	49.86	-0.531625977082398
-0.00982180265823906	44.23	-0.415849184130267
-0.00453617834552666	43.17	-0.387601472558235
0.00565442986849796	53.79	-0.399444196986926
0.0133668598561485	64.94	-0.341116113223377
-0.0130637794585837	83.63	-0.368452835917411
-0.000923831737202008	93.41	-0.511857697034553
0.00226324796877897	93.75	-0.590920585219509
-0.00166125662702399	97.81	-0.59141574544043
-0.00575538917378537	100.86	-0.554674365062558
0.00405675892813839	103.73	-0.659734021145452
0.00620225250538908	102.06	-0.582275047707888
-0.00270103204567462	116.97	-0.541305219961335
0.000513967855191311	128.46	-0.473356974851375
-0.00536493664102267	138.88	-0.459448115306219
-0.00324904871112075	128.46	-0.40353928187198
0.0107334647756154	141.43	-0.324238598329067
-0.0125663762151795	150.62	-0.360082430042255
0.00491475516707318	167.9	-0.306550661725165
0.0162691536745498	187.31	-0.226507534400609
-0.00719800325496323	187.82	-0.149967366624263
0.00552182089890962	180.94	-0.180360836815675
-0.00283678428907308	148.97	-0.164638821941647
0.00127099349303528	144.68	-0.136975375220038
0.00296031708719013	160.44	-0.0368582084956637
-0.00748179595138687	163.12	0.0378216617246177
0.00408087955646685	189.59	0.138951854454582
0.00028475414479523	183.03	0.208234156650818
0.0100731367423599	168.82	0.213323510231973
-0.0144911305555393	150.31	0.0758217964465148
-0.013461579156985	110.65	-0.0679747148271109
0.0133837052018499	10.46	-0.367213975578385
-0.00210462328489314	-66.78	-0.715914638859918
-0.0104055591614518	-75.52	-1.02944138182592
-0.0145895621156011	-55.88	-0.997449428977625
0.00536955078333712	13.57	-0.95545428970754
-0.00227866777013475	21.36	-0.778910489727299
0.00390546301049888	4.86	-0.704100985733704
-0.00548077250876311	47.47	-0.570150903217003
0.00181005139636348	87.7	-0.422179149587046
0.0131199843686662	75.05	-0.466716539488253
-0.00737740920820507	52.4	-0.39963879812789
0.00598420201774097	39.09	-0.408050774461841
0.00619160533640795	54.49	-0.347896461728612
0.00167265945840533	90.45	-0.319282712931341
-0.00410005139726444	80.73	-0.343329971468435
0.00248087396303553	68.83	-0.311486176252237
0.00424161841450932	52.29	-0.328545199992873
0.00330892289829521	70.45	-0.288472303318039
-0.00331497453367113	65.35	-0.247114735151256
-0.000270747290398887	88.78	-0.364206050025204
-0.00492252655629066	67.25	-0.353162147997611
0.00337262485316892	19.19	-0.336293722375015
-0.00169818360558516	43.37	-0.334347818576878
0.00418819038950424	54.53	-0.34100710017194
0.00449200127846794	53.39	-0.294489183014667
0.00437614382856744	38.44	-0.258499486969373
0.00121182760020488	24.86	-0.193965732220178
0.0100860693289793	-12.43	-0.173876857688395
-0.00575995674962471	-29.67	-0.134517028471673
-0.0139796185449406	-6.57	-0.0259619185713982
-0.00208030786650504	-17.46	0.0677401488750452
-0.00852144155977008	-16.92	0.018944762361435
0.0106595113376038	-10.94	-0.00542839764756622
0.005283438279438	-15.88	-0.00274504899003718
0.00614847984008371	-14.47	-0.0736475703697881
-0.00826737082448403	13.77	-0.0553211341339792
0.00768846400434242	25.75	-0.046736782555419
0.0129494845541451	13.58	0.00561329172387072
0.0046658431632256	15.53	-0.00536261384948071
0.00221477851762764	-43.24	-0.0200774719224506
0.00289490206116305	-82.45	0.00432066408976765
-0.00140055180579246	-62.4	0.0288878598062001
0.00411469663016462	-45.16	0.00481700049842867
-0.0090810865974067	-37.17	-0.0429813812958127
-0.0026714350977084	-53.03	-0.155661548552441
0.00332652119543297	-40.94	-0.147201575656032
-0.000266791571648994	-74.17	-0.110362976278453
-0.00752422390234209	-81.81	-0.0670396261805395
0.00803161558040522	-52.12	-0.0786111520679547
0.00696102990445269	-44.48	-0.105577011034104
-0.00152315678352366	-62.32	-0.151039303882055
-0.00736311910529786	-72.82	-0.109067628259125
-0.00279254480378377	-76.58	-0.101091171084365
0.00270604595834634	-59.92	-0.0994853245764869
0.00555148108179893	-59.78	-0.124600730690271
-0.00175884997852549	-62.28	-0.103983029287883
0.000705578832610243	-52.39	-0.119955100135267
0.00669239102990282	-34.67	-0.0777229348250244
-0.00318233096477272	-37.91	-0.0548289672068916
-0.00612230399929636	5.69	-0.0616589806481641
0.00364820607696004	17.19	-0.118335622118344
0.00392057121273481	-1.73	-0.199710165485251
0.00550247815033522	31.62	-0.200029488999737
0.00286508229509863	-7.61	-0.21199155258747
0.00627494560346342	-33.15	-0.144284658783974
-0.00825832272012939	-6.79	-0.135663653927408
-0.0026468054240727	-41.86	-0.13546915229875
0.00222254479620076	-47.18	-0.125827241135937
0.00389262538604385	-55.54	-0.109031060008672
0.00325935918149334	-69.1	-0.125331319429569
0.00425677806974711	-52.54	-0.182693149227289
0.00933680375447388	-34.31	-0.22493733199492
0.0123487791124077	-36.08	-0.301812342321881
-0.00295379067668655	-16.66	-0.407102722632676
0.0108486608412584	-54.34	-0.663315301461693
-0.0092132467864321	-76.19	-0.905403879474479
-0.00145362481057276	-105.87	-0.854833196515942
0.0116194429531706	-99.42	-0.856676056264735
-0.00491525051740993	-96.72	-0.768626306402213
-0.000747472160968599	-95.93	-0.663869050976223
0.0056026651640213	-80.26	-0.642920695002752
0.00632056636201561	-46.94	-0.760888818098461
-0.00319273943900811	-37.92	-0.953638127913143
-0.00136850050750148	-55.68	-1.00142810206389
-0.000563427847646736	-67.01	-0.98052808346773
0.00826464648765146	-97.85	-1.0552627392186
0.00218895756856163	-109.04	-1.2176851145347
-0.00088938535871641	-138.39	-1.40511245491664
-0.0092361925235469	-161.1	-1.43407599703352
-0.00142259522431054	-139.01	-1.24716232654564
-0.00968267506805631	-93.18	-1.14345631210897
-0.00993686841341557	-91.22	-1.01591395966934
0.00894121868100228	-93.29	-0.942187175951297
0.00943892825654125	-77.91	-1.00361177643739
-0.00710740058184278	-82.93	-1.01198970904368
0.0045711526615726	-62.31	-1.02313886295024
0.0142844125423256	-57.57	-0.934315508900637
0.0120892828257393	-36.49	-1.00391227355264
-0.00669905476747523	-38.67	-0.895157692575007
-0.0121078863187947	-53.49	-0.869667009797137
-0.00151267312738668	-71.25	-0.845410818067076
-0.0061556699524381	-30.3	-0.904391720855673
-0.00633135489302994	-23.44	-0.88562449212925
0.00985438435435704	-45.95	-0.890342393677056
0.00309583861987761	-58.19	-0.960728337988942
0.00579093632020289	-52.86	-0.944612228020498
-0.00528053294447695	-29.95	-0.88651548705899
0.0016950391379833	-12.55	-0.833680852854166
0.00266067954151339	-3.97	-0.815998371711735
0.00562036554921619	-6.14	-0.727606439328726
-0.00438036608643699	4.56	-0.709664695373785
0.00589350311442693	-22.19	-0.675150416268223
0.00286524403036914	-32.22	-0.70637849086315
-0.00103202994466578	-29.49	-0.727642636562283
-0.00326343362776171	-31.77	-0.65533144338812
-0.00101889850670744	-18.27	-0.584400726263542
0.00202202099363369	-13.73	-0.5712857444919
0.00867196055713926	6.28	-0.575063805224909
0.00495870506927609	9.84	-0.594109621343773
0.00175473394469705	-6.9	-0.577709574391097
0.0103499139233669	-0.41	-0.56383673673923
0.00423781175302018	-26.11	-0.783182778998132
-0.00553062615848354	-14.68	-1.02369351582189
-0.0201179792005544	-37.22	-0.873210187273523
-0.000334437392270459	-89.82	-0.745344540213083
-0.00348822872603982	-82.23	-0.67302140979259
-0.00101955917834573	-69.62	-0.60911230377726
-0.00534278956753376	-40.2	-0.615338488249979
-0.000467791658762096	-27.49	-0.726664181574641
-0.00492414580356026	19	-0.711583565414402
0.013273290658379	24.89	-0.778321507553251
-0.020486185729327	37.81	-0.746144070117051
0.0230874353727373	16.59	-0.800343308393118
0.0100438102405409	-8.74	-0.788023692318841
0.00190952088144947	-11.58	-0.762745767127944
-0.00820880228621235	-79.41	-0.818508056723364
-0.00971952253876118	-121.2	-0.947145104992943
0.00141135301268314	-94.06	-1.45111351721789
0.00351089268203886	-83.12	-1.97526486304302
-0.144904438328373	-113.46	-1.67598878575661
-0.0180121842690486	-28.61	-1.20960266566818
0.0207854776539289	6.47	-1.13009888328742
0.0149973725783354	-1.17	-1.07483028723239
-0.00207609662029107	-8.45	-1.15181909667488
0.00791915319732439	6.09	-1.17709766364394
0.0243346080051197	-26.34	-1.14454244036399
0.00984685267935603	-21.33	-1.00209005275603
0.00481706324965714	7.34	-0.9145530940233
-0.0257256738043221	-2.86	-0.801934209961841
0.0251583017918637	26.49	-0.735241466977784
-0.00643361604411297	46.4	-0.724701951460618
0.00661741444020514	63.97	-0.684346856585844
0.00670186507815806	62.16	-0.616736194331385
0.0166433803890165	70.24	-0.606228151811255
-0.00527492209804414	85.55	-0.670923119697859
0.00517690400197068	99.49	-0.622668022890421
0.0170446292639141	110.42	-0.54013204880101
0.0110662535698243	54.72	-0.539616658219058
-0.0057981166725547	56.04	-0.662689786491068
0.00226532012030134	8.08	-0.548824767273838
0.0157397811839566	11.66	-0.42432068100718
-0.000855009699414211	40.28	-0.260737676091094
-0.00955055376648772	29.63	-0.280930632588463
-0.00628758347164116	57.05	-0.233429972994251
0.00314823182024604	35.08	-0.215948426212253
0.011358532002987	21.29	-0.332670713050983
0.0120076040115755	-17.21	-0.411219261866657
0.00663008493731176	-12.29	-0.517095673754281
0.00106454610851792	7.23	-0.510879218342118
0.00386149657657242	-26.24	-0.573865773188821
-0.00749695809287942	-14.9	-0.686435328480552
0.00220380271212051	-62.19	-0.700008541984067
0.00787533259431328	-94.67	-0.712684094303902
-0.000511914219334386	-18.35	-0.729736092800985
-0.00705216725312674	-13.74	-0.640477438207496
-0.00939394036985242	-18.14	-0.713329366610517
0.00729998555441114	-45.13	-0.722639632442055
-0.00890969629675276	-49.09	-0.651593329474439
-0.0057630161904374	-39.37	-0.576116489749674
0.0118313722789107	-20.44	-0.508312691625398
0.00431963742092023	8.98	-0.555368485367715
0.00988129545186744	7.01	-0.641901268622605
0.00361771179264458	39.62	-0.759416446265498
-0.0168516535800425	-5.64	-0.745514807432007
0.0084253383109445	20.79	-0.698401354825655
0.00528563936753201	26.23	-0.661956423392459
-0.00659168052615478	0.64	-0.588885161533212
-0.00853526052690334	9.82	-0.63335550651896
-0.00365407146528085	11.41	-0.627599020153939
0.00343905613772577	11.59	-0.617880230188397
0.00271397386819849	0.09	-0.68449515479618
-0.0132447954790749	13.57	-0.756954779021599
0.014282237034573	-2.93	-0.740713516599549
0.00261432231447678	-10.97	-0.7696603045869
0.00494808611063924	-44.9	-0.785974505603438
-0.00327742629398386	-61.9	-0.726745213478703
0.00350550915088021	-66.12	-0.750731381508103
0.0133639633582678	-11.81	-0.802012605316843
-0.00657451586863722	-23.55	-0.866362207352962
0.00101933275865207	-25.02	-0.893830179045354
0.0129621292512851	-2.32	-0.810858152248836
0.00517443255502492	5.24	-0.797498304075273
0.00551669399516541	14.52	-0.844644648029587
0.0085994815010455	20.39	-0.861582579993262
